2825
5755
8135
2906
2966
7578
6446
4271
1140
3128
4716
5470
70
5516
9335
5171
7871
7125
1746
1841
6153
3296
4416
791
6753
5778
8628
8626
5930
9220
3616
2360
3350
1420
4970
6696
720
80
5130
4720
9260
1953
8621
8680
5246
5253
2556
3386
3003
231
8476
1756
1211
2721
4041
6390
7596
6835
8721
9635
9675
2311
1560
3851
476
9691
5925
8130
2841
8403
3241
8336
903
3310
6411
7186
1253
5890
5278
2240
4551
1181
6900
2856
9028
6741
8395
3841
3575
9003
7306
1241
5628
78
8516
6936
1326
4895
3778
5481
1010
4753
6075
1753
556
2028
7706
3153
1245
4576
8411
6820
8526
5490
5000
4453
186
1305
5886
4903
9403
2065
5941
6776
9686
4906
4128
3828
6951
4325
8841
2105
1576
9016
9341
140
7210
6945
9270
6795
8161
1403
4903
2940
641
1003
1681
2381
6410
6935
4216
9910
5078
3628
4141
5503
6751
4310
4378
2256
5590
2765
8903
3055
2205
8476
8778
5703
9720
8400
7311
195
7735
6020
6881
1726
110
7378
3985
78
7403
1610
1085
1745
703
1860
5925
3128
3828
1903
9778
7351
2425
6528
521
8100
5820
1753
2725
7036
6966
7856
4670
6128
115
2601
5710
8486
861
980
5321
3465
901
4826
3816
1455
7153
7405
3300
2981
3945
6345
7846
9665
3066
2745
6403
4028
6090
9751
4641
9453
7628
2653
6221
9165
5611
4970
5841
9306
9378
7210
3796
8346
4640
3260
6601
1656
4300
5653
1800
1185
4840
1653
5528
3005
7555
7280
3645
1685
7666
5653
6120
7695
921
3756
2346
5985
1110
306
6466
6385
2790
8346
4253
4531
8566
5378
3896
8446
1866
9778
1686
2578
1000
1016
9541
4146
4525
7781
7466
7345
2528
1225
9365
703
4195
2251
8521
7895
9975
935
4655
9550
5421
4296
4903
1721
6366
6480
9496
6340
8131
150
6301
6316
5878
3591
835
7525
6330
4215
5565
6710
2565
3361
3865
2860
6003
6330
2028
8376
9546
8041
1725
2851
8146
6628
7111
5078
6953
5696
490
9065
5976
6721
7753
4025
3916
5441
951
1403
4936
3506
405
9116
2571
1631
3346
9586
4051
3545
9825
9760
2176
266
8828
71
6571
1866
2753
2381
1986
4566
1328
1651
7886
3665
1370
1253
3440
1521
6503
1328
4170
8200
8696
6953
7503
7891
7155
5703
5020
6906
335
8071
4970
931
9595
1305
8128
5226
3666
2130
4280
3756
8378
8956
9490
6851
7431
5501
7545
4790
9460
1925
1701
3786
8156
2505
1006
9306
8160
616
4878
7696
6655
356
7106
6953
9676
9726
1653
8840
8828
6756
7505
2781
1305
703
3325
2171
7395
9825
4903
8395
653
1576
3271
1210
715
5730
1926
1230
9400
703
8295
1253
1205
4161
2141
9575
8146
3891
8203
2225
2265
4251
4385
3150
7276
9935
4128
9880
4926
5090
9651
9305
1796
153
6378
9621
8378
9380
7706
6421
9403
6361
2540
3101
6671
1953
7726
7621
626
9595
7756
8560
5326
7336
4371
3751
2578
9600
706
3831
4016
3805
3701
6175
2835
2576
7566
671
9370
128
2166
260
6253
3111
528
8680
7720
2536
2846
8028
2370
3236
9403
3550
8105
6666
5106
6901
3340
440
6600
8486
7140
403
3903
5976
2240
9611
5753
4450
2600
1896
9066
8316
6031
4526
8646
6778
4856
1753
8726
5225
8665
7635
5270
4681
4956
3281
4480
8128
6778
2616
7278
6510
2516
4965
1305
3778
7578
5021
2481
131
3506
1816
1206
521
3155
1153
8828
4486
6890
7295
2903
9106
6471
6403
2903
6165
4740
9071
2450
3635
8826
7503
2856
1778
4736
5315
5370
5476
6253
3420
3965
4403
9810
3336
6720
8976
8756
355
5850
1111
2876
2620
9016
3370
3203
6940
4790
3003
6953
2195
3811
5931
2310
160
9505
3620
3311
5278
6878
7736
6616
5720
9645
4736
8916
5778
3600
631
8828
7003
8121
6205
3835
8750
9945
9720
5406
1365
3645
9826
3075
1480
9453
5321
5540
6106
2650
1830
9205
5760
6786
253
2216
8100
1346
3403
2011
9945
8446
5161
9128
5003
9921
8645
1601
9526
4375
9015
7526
8628
7640
6903
2653
8828
280
2753
1761
6455
2878
7560
3205
5003
7711
8661
4253
6610
7650
4735
3185
2278
7361
1153
3331
5320
5301
3491
1253
8878
2475
9546
3460
4110
2970
2905
745
5036
8305
9851
2990
1161
7495
7130
7045
3321
7295
4741
1875
4931
9591
7355
7531
9231
980
1820
2153
2271
8850
7460
7530
7028
2331
903
1995
4550
8240
7378
7528
4695
555
4753
1965
9626
9755
2231
5135
3051
1700
3828
9291
7406
3653
3878
3878
576
9516
8385
3815
5005
4531
9886
4453
7378
3091
2356
4690
5431
4085
3070
160
5703
7796
7846
7400
261
6720
4753
2903
8455
5101
3056
7528
4900
2016
4495
6980
2026
6010
1240
4528
1350
2680
5153
3781
5945
7930
4016
7941
6403
6785
7003
6851
4778
5703
1953
3446
4945
1880
1656
1986
1930
4856
3170
9636
2700
2475
8096
9841
2075
2205
8753
403
3186
8278
11
1295
9345
153
9641
6778
3346
7971
840
3870
2601
7636
2295
1031
2455
111
7095
2528
5786
7580
1191
2378
7150
3730
8775
5253
6491
8528
5581
6486
7030
7355
8101
6221
1903
5706
9581
5675
9525
2011
1230
1815
6953
866
7216
5035
9496
4990
6931
8481
7390
6365
4880
3511
9550
8246
7628
7028
3330
6653
3305
6520
3403
1936
7560
6153
5551
8605
5500
5140
2535
9128
5776
4786
7391
7580
9216
2186
378
8941
3985
5605
1211
9003
3903
6816
7270
3096
7996
9485
9900
2686
751
528
5753
2375
4055
1141
4041
780
703
9406
5761
2903
8820
3056
3936
9741
153
8626
5395
1285
7456
3365
8190
3721
2278
8830
8880
466
1906
295
2071
7086
5150
3410
4531
7201
9028
6475
8778
8191
6280
2256
6916
4550
5528
7210
8920
2491
3615
5430
8071
7778
2461
6000
9425
6535
5916
530
4970
7570
8145
9775
6010
205
5628
1171
6415
7786
6503
3995
9876
5275
2766
5903
5206
5025
5186
7778
235
4615
2050
1855
1000
7278
3903
4441
1441
6165
3131
2770
7545
3510
4660
4878
1116
1071
1576
1206
9911
1201
7531
1953
5635
7216
8436
1610
5945
8551
7990
9881
9806
7578
7146
6121
2255
3446
3356
7528
4861
5941
8831
5426
6028
5675
4453
6801
6128
401
7765
7406
1328
5361
2641
5850
3828
825
5045
8915
4278
3466
2005
9515
1896
5470
5078
8101
5645
7128
7245
1500
2035
703
475
4086
9128
4431
1090
605
3403
5740
4570
6306
31
2190
4295
5541
3250
4381
4876
9881
9903
5940
5375
1153
895
4516
4736
1953
278
6328
2278
3635
4655
9291
4635
5421
3370
1028
1066
3153
5971
5721
5640
991
9525
3403
5196
7791
3645
9936
2290
7251
6631
7235
4611
8101
4778
991
2628
6410
4003
9515
8753
4028
7611
6011
3415
7653
9606
1125
7001
1511
765
3236
3155
1351
5153
153
4615
6245
8896
7931
756
4403
4690
7226
1253
8430
6540
7840
2071
4000
1535
4066
6040
8140
8278
5146
1571
7753
3153
2570
71
5078
6903
9031
4515
5120
2350
3628
4121
6420
4453
5903
6253
2370
2175
7765
301
2555
8130
8755
7855
5195
2753
9571
4811
3060
4670
5891
2706
8105
1278
2360
9436
3691
2225
5703
1645
3530
7628
5970
4961
1240
9355
5491
4403
1026
9778
5078
4501
9406
9670
3628
1150
9411
9490
566
6340
8431
9061
7591
7100
9640
7386
6776
4550
1595
2475
3278
7578
5441
4536
8401
9096
1878
4171
541
5696
5320
6231
7321
945
905
3916
6253
1605
1831
4290
9956
935
2236
616
3975
7130
778
5845
7340
2360
6540
3003
3753
4778
6253
8591
2605
7905
8420
1715
7503
4656
2551
2578
8815
5436
1436
6580
3515
7956
1811
8970
4750
4146
8685
5128
3570
3456
1690
9176
753
5525
4253
7035
6328
3520
1450
8766
4670
3325
2891
1246
2401
9110
1010
1536
6403
8165
2003
6070
4271
8821
756
4496
546
1715
6125
2890
1606
5653
791
1153
1236
2591
7345
6676
8030
8056
5041
9931
5215
7955
8503
2003
6875
816
4153
2476
9031
6503
6611
4028
9001
2636
6916
9278
9576
421
9211
8856
266
4275
4351
9778
7181
5745
1051
7125
6670
8065
231
2596
580
6950
7720
2253
7575
3916
70
3586
2625
8155
2128
595
4445
7720
5190
3680
2970
2486
5903
8350
3378
5690
4605
6953
55
3375
7528
8778
2653
1153
78
1515
7441
7906
691
3403
7278
7036
2156
920
2800
1028
1260
7360
8653
4785
8896
2395
6396
8931
8606
1
3865
7086
4966
6586
1051
8401
5231
2015
5815
9620
4453
9056
5235
9916
8866
6030
7061
9636
8211
6415
5156
9391
9278
3616
2355
903
2140
3253
3230
8160
1295
5780
6778
8106
2216
7003
1690
660
425
6031
6266
7401
2680
9180
5691
9153
5941
6503
1605
2300
6156
5300
4840
9386
4903
1761
3878
9276
3390
5545
2246
5096
2503
5121
70
2031
3991
5240
9125
9503
778
6255
378
6545
6531
3220
128
7166
545
8436
9106
1101
2825
3628
4778
8253
3778
4405
665
7003
8115
9400
3253
9760
8595
6630
5461
1753
8971
4836
6403
1105
2766
3325
1380
9411
9601
8430
646
6085
3085
5186
8145
8835
8653
3753
8020
5645
9901
5403
6040
8970
9886
1190
3811
7740
3571
9545
8551
1235
2056
8831
2903
5390
175
9486
5778
6111
6716
7860
6771
6561
3490
4646
571
8653
5621
4628
2356
7578
3336
2336
1375
3128
911
2095
4653
1215
1903
7130
990
6975
5195
1421
4503
3845
6111
7746
6878
6135
3991
8828
5340
5195
3065
2255
761
5878
2780
1225
7400
5475
2601
3730
2805
1030
3611
3828
6296
6075
531
9655
4951
2130
753
3475
2135
9971
6260
6466
5253
416
3210
5616
940
7706
5521
3003
278
4961
8753
5141
7356
6003
6420
2126
6571
9528
1278
9061
6476
8761
2326
9436
6953
6396
4030
8251
5266
4275
2891
9666
6946
2630
2710
6526
7926
9201
4435
2471
8860
8003
16
271
8570
2936
3828
2790
6196
7006
7591
8020
6926
3556
5140
4628
4131
2475
4800
2880
7455
8065
5621
111
9816
1580
78
8760
2526
9890
7878
5970
3340
4810
3771
6805
4965
4265
9996
6835
3830
3220
2665
536
2890
3503
5405
576
8056
3896
2850
3615
8880
6040
9453
4453
591
5640
4346
95
5821
3350
1540
5361
8290
8050
5096
4681
4695
4876
1920
3971
3621
9551
528
4686
7786
4480
4666
4110
2391
2720
1246
1966
6211
6355
7546
3828
2581
78
9253
665
9755
9405
8420
4181
5916
3416
878
7791
5286
6965
8831
5703
8005
9028
253
5050
3835
876
9171
7495
2311
8425
4406
7160
2450
10
3885
9366
5615
5866
1660
4625
7196
6091
2996
3661
4005
9251
801
7390
285
1128
4156
5120
5778
355
4335
9816
6605
1946
3546
700
5656
4946
6685
4291
4661
6295
8256
1405
4128
1328
8646
2935
3628
7791
7003
3486
4560
4651
8140
3835
6328
9086
7725
4905
860
711
3503
2670
5430
8120
6890
3036
9870
566
3
3653
1631
440
7976
2911
7903
2003
3020
8395
2253
5460
7653
3856
2096
7095
6235
3275
2121
5003
1321
2100
9416
5880
2900
1521
3186
5821
940
9003
181
5903
8278
1375
8101
3211
5596
8891
9635
1536
2501
4296
6570
3985
9515
1653
5666
1341
1003
9403
9916
5581
6130
8141
4540
9711
8265
8828
2176
3201
735
4556
2535
4651
8828
9453
111
5176
4635
3470
4403
6926
9750
3075
3253
3146
9136
1878
1240
8378
3116
1281
6696
1411
4453
9615
5291
903
6321
295
2365
561
6615
8281
2528
9966
2880
3186
1135
5350
1328
2165
4265
3378
2005
6026
7440
930
1231
7221
9841
6646
3871
3753
4291
5151
6055
8530
1878
2246
1861
5941
635
8345
9201
5911
2086
3750
3676
6445
4190
8520
8320
205
9025
2696
1296
1378
6166
1681
5381
1016
4530
9685
975
3061
1425
8521
5646
9820
8021
7776
8630
3828
7845
8121
8735
7486
4375
9453
4003
9470
9750
3186
200
1378
3280
4753
4410
1966
995
7753
640
5080
8791
5641
8661
5066
1050
8200
6778
4128
6565
935
6878
6003
6628
2236
7581
7620
6340
7860
5790
6581
6246
7291
8903
1396
9051
5028
7076
3710
9716
2076
7325
2028
8726
4786
8080
5275
6953
4710
6885
8556
5670
1356
9620
35
6096
8253
1903
6753
761
2385
903
1381
635
6885
996
8778
8671
8686
1690
3235
136
3221
6628
865
7555
7065
4240
4366
9305
4281
2628
1200
2126
5186
235
1153
9403
5705
7600
3153
7470
8878
2086
2300
28
6096
9136
4105
4370
1976
9003
1328
8715
2246
4675
2081
7391
3456
9410
9778
6128
1420
3001
1926
6871
9726
3445
4856
3805
5456
7141
3125
3760
9330
8028
8778
2010
9251
6151
250
9001
6903
8203
6870
253
9003
9653
3690
8735
7021
78
5746
7126
8028
5296
1950
6028
5131
28
4753
1385
628
4460
7485
7770
4211
3060
7805
2903
5590
7871
2141
7260
7730
126
2400
3
3725
8026
4375
8503
6940
4950
451
2878
8905
2790
6970
3826
8250
8266
1480
2985
3670
770
5101
7796
8146
7210
6278
6781
703
9780
6456
4426
2265
7015
720
1521
1700
7505
6153
9453
1971
4653
4253
2091
2400
3585
5800
1128
5110
8828
6753
7305
785
8965
5895
4865
7721
6015
5545
8591
9640
5595
6953
1865
1120
2695
1360
3905
7260
9566
5378
8486
9436
2715
4903
2476
7441
4636
4551
881
3615
8230
6485
4503
600
2960
3153
8311
8146
6810
1903
1006
1045
6940
600
7606
740
9750
7995
4710
9506
9753
5741
4631
6270
6278
5078
166
886
686
6095
6050
2455
2653
3771
1128
9265
7680
5825
8028
1966
8386
5286
9251
4000
4895
5135
6391
1953
7128
9801
1366
9820
3886
1270
6211
4245
5496
6278
5028
3931
2900
5028
1996
1301
2903
8996
6595
7871
9336
1581
695
1275
4285
8846
703
2756
8203
2475
4746
3028
1530
3725
5278
6953
5915
2486
7956
4395
4730
3045
5485
2903
8205
8080
4060
2578
7125
760
4150
2628
2578
2541
9470
976
4610
8753
6056
5750
9551
2801
2986
925
8403
3915
2761
3935
2351
8575
6125
975
8203
4911
6125
5703
7406
505
5126
3266
6953
4885
5465
2970
7426
4026
850
4376
146
596
9031
6965
1956
2578
1953
1005
15
8161
1028
6278
2610
78
2271
4186
1436
8146
8378
826
778
455
396
9355
6326
6261
1503
6540
786
280
4545
5278
3826
5191
8371
9925
8781
4340
6725
7160
656
5976
5903
5435
4381
6015
7878
4991
310
9653
4785
6295
1653
9551
9850
6065
5335
381
925
9128
7578
753
9903
6695
5176
4003
5236
5646
8285
5445
1240
3366
7026
7871
5686
5036
1536
3275
6425
6655
6626
4056
5890
5471
1801
1706
9128
7278
1691
3935
7246
4141
5701
4378
5396
2671
2601
6503
8203
1491
4385
6278
5990
9378
730
1246
9753
2256
1528
7628
3741
8246
3820
6153
7095
4878
8466
581
2578
4561
8403
91
2901
6003
1651
6185
1878
9401
7206
2690
9480
2235
176
3061
1403
1440
9931
3903
8570
2028
8510
7585
503
6761
4381
778
2655
5711
4851
3336
9821
5960
8725
7246
945
9210
9221
6550
1890
9436
4750
235
3185
278
5625
8555
5621
5776
2903
416
9028
4278
841
1266
4236
9960
2756
4365
2740
6266
4420
2601
9510
2576
1915
2946
6015
8128
8866
6295
5551
8695
9861
5825
7781
7535
528
6128
1566
1903
9778
1028
3916
4000
9070
3045
9453
8621
1920
5845
3981
3031
7945
1778
2291
6335
7236
2628
9240
2731
8095
4606
8690
6760
4040
9510
2765
6705
4960
5778
2306
3526
9515
2520
2466
9551
7965
5028
6953
9141
6391
9396
78
8828
7370
5078
6581
3253
6466
2990
2790
1035
4003
5380
2070
5600
6516
465
2101
8778
1403
1290
101
6786
2011
8326
3076
9528
4080
9030
2255
5981
1055
3071
9405
8791
4330
7920
9136
2415
8260
4515
3435
6628
2275
1235
7295
2278
1276
3501
936
2936
7201
3795
4085
7653
8760
8996
935
3331
4460
1630
7755
3480
9836
2961
1325
3121
2578
2171
8506
5290
5516
9276
8620
3346
5896
5101
2436
3251
5896
3950
2330
9070
1605
5620
7541
7401
1100
1575
5185
3976
3580
6403
1528
3886
8725
2403
9666
3156
3396
2586
6786
7020
6995
291
7325
6016
9101
2278
5703
8225
5528
236
6626
7230
4628
9128
2435
2315
1781
6685
6741
5703
5746
7256
8325
3471
6130
2576
5810
1291
9176
2271
5703
9926
1665
6876
5003
4115
391
6685
2660
7021
6580
2285
5516
4115
8956
6910
253
8936
9020
6091
8181
5881
2056
3253
865
1185
2180
5010
3278
8278
1866
116
2646
2321
4253
9345
936
2760
7290
2670
4216
8521
1403
1151
3653
7496
506
7296
415
3226
235
5966
2416
4065
7521
1376
9975
8730
4555
78
3753
345
9635
4778
7653
3753
8750
5878
2250
5950
2370
1151
7556
4453
6706
2875
3866
9346
3611
8628
6565
8878
4595
3566
9465
2615
7628
2875
4475
7611
5806
8331
3050
4621
8006
5036
8725
8278
6953
4715
2946
2826
3351
1653
6250
8003
9011
4306
9480
7028
1251
7370
2966
5116
6856
2346
4495
4385
6328
8435
566
146
2280
4846
8128
8900
5960
4735
7253
9675
5191
9955
6136
8301
1835
2830
6153
7815
7056
8720
9191
576
7716
7153
6655
6536
8966
8156
6301
4145
6301
6328
6653
6985
2905
9660
8496
771
6935
1320
778
385
8203
4471
5628
6220
3575
5816
4755
8995
1311
1815
4305
1250
441
9653
2653
7676
9460
3878
5885
116
791
2170
340
321
825
2541
7528
350
4426
3185
296
1226
5601
471
7528
1980
1526
6420
7461
2896
8828
5600
536
1253
5810
778
375
6760
6778
8290
9130
5950
4775
3403
3396
5566
7003
4485
8403
8128
6953
2591
6156
2628
6595
5785
1506
5616
1753
4630
5395
6316
6585
7111
8503
6601
6560
3985
3821
6031
2895
7105
395
5556
4981
5753
8540
9278
7771
186
586
78
4028
1153
5826
8620
256
8320
3790
5890
8455
826
7611
3276
236
2025
1025
5826
5270
8331
9881
7206
5625
6950
9231
4378
4140
4201
2561
9396
3080
6500
251
8828
2903
878
8685
4403
1455
153
1295
78
8211
3050
653
1621
5425
755
25
1953
1756
5905
878
5510
3355
9003
1081
1516
7906
6653
641
1461
786
5111
3305
2256
4028
8396
8945
3411
4901
6280
128
4503
2440
9280
2846
2720
4753
855
1791
7691
7653
2878
8070
6653
6378
7795
1031
5620
9621
4046
831
5740
9596
5378
8828
271
2206
3740
2696
3686
8385
6581
9400
6566
740
1328
7578
9195
8203
8436
5216
2578
5920
6156
6596
5231
1528
3836
991
356
5703
9741
2420
753
3828
3780
4753
5350
8235
4128
3903
5315
5790
4153
611
5326
7321
1778
6606
403
8291
6028
2316
4885
7305
6766
2128
8261
6536
2975
2931
78
8626
3016
9665
5265
9950
6820
5235
4110
3205
6000
4856
5640
9545
2475
5280
9955
4756
2781
5416
2236
7975
1521
5003
5340
5461
2003
4301
7126
4270
9628
8860
7530
6156
776
9901
9253
1896
3096
5575
5905
7465
1791
8828
3170
2120
4150
6590
7375
2795
8805
1821
9551
5941
3936
3386
9605
1953
6403
7706
5753
7845
1905
4405
6875
7995
7586
5885
5705
1410
3345
6681
1328
9386
3
3828
4446
9646
9295
1128
3528
9935
8941
3153
706
8360
5376
90
2685
6996
2036
1903
6628
9606
6010
5528
2926
8501
6115
1806
6778
2440
2641
9806
7578
5595
5171
895
316
2578
1870
1825
4591
3253
585
301
3610
9453
7600
8291
5836
7778
110
9026
8828
1455
441
9991
8751
9225
2503
1753
6086
6156
8878
55
3486
2970
8620
526
5921
8931
9028
9026
5591
7255
8966
7610
5278
9331
3415
9378
1796
9503
5628
2691
3503
3710
1550
9406
1506
5246
3065
4796
1516
7601
6656
3670
4240
2140
3253
1653
6696
3071
5980
9990
5181
7070
5370
8985
2731
4981
1328
2781
3311
2885
778
5936
4415
5236
1625
8251
2985
2528
7360
8945
1850
9711
520
2366
9845
5078
2180
4941
4903
3655
9036
8131
3605
7995
4930
4101
1030
8260
6971
2153
865
2286
4930
8903
5530
6778
8976
2676
6875
6691
9340
6856
3341
7331
21
6690
7628
7656
795
7356
6290
2790
3666
4766
1596
8266
1041
2253
2403
3753
8141
4480
6385
9405
7370
7096
1940
5903
440
3451
4581
3716
4020
7840
2756
8026
5575
5935
5391
7705
4950
9246
2521
2403
9128
4850
5405
9581
2681
5003
653
3456
9035
1001
2890
9576
7145
6916
2475
8225
1495
5310
1901
890
6115
8740
7970
116
7410
2403
4778
4453
4753
986
6165
9355
2520
628
4840
6701
8930
2386
9876
5606
1176
4446
8903
9626
481
4250
756
1276
1653
4871
8976
2850
653
3480
6520
6535
5915
7505
1955
4391
5791
3851
6931
8816
1205
8778
606
6365
9278
278
4528
5011
6635
9125
8203
7111
528
7081
8970
1730
7046
6125
515
5006
9028
5945
4195
7878
9576
7965
3380
4650
28
3616
1810
1745
9666
3828
1628
4941
6778
5535
9378
9503
5726
9675
8878
5650
2235
28
2153
6366
9521
8716
8486
985
1511
7628
1656
5253
7128
878
7253
7878
7778
9350
6953
7403
6686
6851
9361
9275
1046
2840
2628
2635
9716
6460
7181
8015
7250
440
8910
9755
9105
4003
9440
1691
3875
1155
4020
5615
3205
7790
101
8310
6420
7435
1590
903
5221
9830
911
16
2403
5056
4085
1535
3378
265
7653
5116
1778
4345
2000
8695
9146
191
2060
9625
8740
1503
7991
8153
8778
1653
1060
4386
6753
3396
3980
2341
3711
6180
7628
1253
1590
4781
1411
6878
4110
1328
3828
4555
6141
9831
3856
3516
6496
6225
78
5335
5335
9378
2976
9525
3445
3761
5655
3010
503
3576
4105
5878
6080
378
6055
5951
4753
2528
655
4356
1085
7250
9370
8151
3871
9346
8746
1255
5861
6450
9160
3991
4253
160
8031
6253
9453
855
9325
4840
4806
1091
3930
4085
1486
3666
4851
8480
2631
1826
5628
1753
8680
8286
5840
6591
8355
8640
8530
4395
1566
5753
4451
8205
9980
9806
8270
4766
2320
3651
5836
7791
2531
5836
8828
9950
5401
2528
4576
671
8976
8376
6736
560
8196
320
3995
5503
2925
9931
6905
6581
1196
3401
3981
9270
1920
2845
9878
9165
528
8476
9996
6753
2825
3006
8361
936
8640
5780
9835
3036
8503
6778
2778
5841
1941
7870
2378
78
1806
5630
1005
3751
8540
7196
2025
3403
5326
7560
6770
703
8753
6696
5490
5960
436
8061
7080
7160
2105
7155
646
4705
5791
3495
3606
4320
7785
3615
1655
4381
7626
2810
7726
1656
7128
6670
2305
2075
3270
8406
3260
1056
2330
1475
9571
271
1305
8311
5765
6625
9835
715
8160
9335
1226
2481
5451
703
8755
5000
5481
7628
5628
5676
5410
5703
3101
9151
2730
8503
5571
7145
9675
6516
1141
1050
1451
7550
7578
8870
7060
5166
2675
1961
8726
4906
5753
6890
7350
9531
6126
9211
56
7695
9090
5871
7851
4336
6753
2330
420
7878
5766
3315
9315
6696
8455
4503
8831
2705
9431
8086
9628
1611
5420
5846
1706
9901
5930
1806
471
820
1628
9026
9150
6855
9001
2400
5626
5545
1028
5530
1253
5671
931
2996
5945
5245
5403
2711
2055
4800
5010
7003
9575
2826
6003
9556
1826
1135
336
9801
9990
1295
6196
7511
111
9165
8903
6140
1651
1185
6075
2476
6360
5270
301
878
7435
406
3680
1420
9403
4128
7575
2741
8966
6770
5045
6146
3601
8253
5431
5610
5730
7626
8035
3301
7635
1056
2720
6426
8626
7670
8595
6630
50
9120
6296
5366
3796
2246
401
1515
7061
3240
906
345
9540
6361
9470
4231
8066
6105
1403
9453
4453
8653
8005
7628
7411
6278
8570
5340
8530
5000
5160
9931
46
4456
5456
9840
7520
1900
6975
1705
9420
2596
3165
8156
9855
3855
6110
7003
691
1920
378
6156
2775
5621
2350
1930
5716
1795
7945
135
7516
7681
8181
9546
1420
3378
6596
8431
6415
9528
7496
2778
3076
628
0
3476
8101
2251
6110
4778
3266
2046
735
3253
2961
5491
7361
3726
1356
1295
5003
7578
8150
2501
4640
5128
4591
8526
6836
6411
1566
6570
6403
4378
2366
6328
6778
9925
3865
6771
3635
5796
6641
3600
6961
3035
4465
1380
4820
1276
5510
7270
8003
41
6826
2056
6316
5465
2516
3190
6366
6200
1046
8981
5156
2578
5045
5570
3253
8028
1628
878
2651
7455
6676
8755
7555
5153
6221
6356
7365
7801
7778
7653
4870
3255
3491
4285
2955
4346
246
5800
8310
3770
5028
6953
1385
2610
8828
628
6436
9801
1660
4110
3485
1816
1075
8325
7370
1225
6278
7910
7241
3245
6280
9046
716
1696
4450
9906
8736
9880
4970
2745
1756
5900
6711
9153
8866
2696
8496
4455
4405
6378
153
1531
1121
9925
146
7690
3165
901
7403
7400
8940
8828
1328
4956
7065
3028
110
5703
6366
4705
6953
206
3275
6980
8186
71
4253
3521
6066
2571
3253
4503
221
81
3550
5746
4161
2016
2153
3355
6953
2153
7578
5785
7495
3266
9615
5028
6135
2205
2476
4581
403
4780
8716
2905
9836
4855
4735
6003
9396
2265
4840
4531
2081
8878
4441
4866
9528
6226
8590
7578
9253
7901
2155
2505
3655
9145
3011
9403
1140
1781
315
9165
1030
4903
7121
8766
9196
1003
5681
2321
5078
9453
8415
3450
4975
9081
3821
7903
1055
6770
3446
6271
2846
8980
9253
4335
6571
7370
511
4503
8991
78
8203
9766
1456
903
5170
625
8290
4055
4300
4795
5241
278
6356
4190
4210
6101
2295
4453
3575
5220
6778
6335
9378
5411
3680
4903
4125
6431
7796
9525
3461
8215
4836
8691
3685
7230
5806
7085
4626
3640
6426
2221
8735
3828
1131
9266
7900
2691
5105
3230
8828
1953
8435
5628
3778
3130
5601
3591
5836
7031
3220
6361
331
5590
9486
2576
4170
7650
6403
2645
4453
9653
3878
9676
9700
660
5425
8886
5875
2196
341
2996
9453
3240
3610
9128
3101
9546
253
7901
7100
1480
8736
5996
5570
6953
2240
8395
3706
6980
6400
1625
7975
2841
6181
9561
6606
886
2870
2105
3380
5276
6080
3003
9628
4495
78
9215
5996
3966
7145
4735
3676
8890
2528
580
4310
2278
8746
5653
9253
45
8460
841
1328
2260
4076
4895
5400
1296
4261
8231
6646
9153
6621
2445
1903
1170
416
4646
7461
8530
4925
3003
528
2315
3378
1135
1253
565
628
7316
4510
6785
6028
3778
235
5725
6953
8920
28
7370
4431
7121
2653
970
8375
9066
2986
9706
3346
5641
6328
8481
1331
7191
5295
3270
2701
6125
2765
3181
9556
6890
1278
8581
281
3590
9456
6201
2265
3281
8903
3966
3895
1230
778
5871
8640
3516
5176
5785
840
703
9800
1960
4095
1975
1878
2040
8828
2080
8360
6146
2881
9528
7561
6878
9275
5725
6716
2141
8360
8253
3155
5160
1003
8450
5626
6201
4420
9400
4611
9715
6226
9653
1926
2940
8561
100
4435
5078
5826
9515
4295
6556
9166
1530
4528
4541
8975
6028
9746
180
941
5416
3828
7541
2835
5278
2146
5536
4306
8880
3750
6021
3286
9256
265
5253
9556
6786
1340
3016
5646
8116
7880
7170
4815
760
4855
4241
5495
3878
451
2028
2116
1046
3878
1153
4516
2970
8721
4091
750
4116
3566
6885
9035
8965
9160
2891
8556
1403
9128
3856
5028
6600
2153
2706
3903
9810
3711
3446
6210
4645
8091
9996
6253
6076
3846
2181
8555
4610
3466
600
3128
2556
9576
6878
5415
9750
3336
2075
6075
4756
3060
7831
6278
4453
8456
326
361
2346
2878
9003
7245
2480
3753
5805
8411
3981
5845
4455
9135
5703
5528
8946
8320
5706
1226
3800
4416
8828
4128
556
1340
7821
8028
150
5760
4326
7253
4535
7025
71
9476
7205
5066
9003
3645
4840
851
6328
521
6190
3771
8085
9575
4750
1645
8311
5476
8003
5351
7896
4470
2336
3356
3753
1111
5465
4271
2001
5446
6295
6556
2586
6536
7528
7986
2265
6571
3445
5006
8286
8203
5191
6101
3865
1901
8526
7003
7778
4071
5341
5403
5910
8203
7403
5160
5820
9028
3761
5516
4141
9670
2080
2926
5956
5115
3086
2028
8726
526
1061
8420
9201
1086
4720
3745
4575
1910
686
4995
6320
8281
7403
9450
5425
4441
7485
2628
5175
6953
6155
310
9880
8656
2655
341
78
4346
6200
6046
5525
5476
2826
6028
9240
9503
5026
7915
3753
2971
7816
8653
5703
28
7578
2321
8060
1981
7265
4320
861
8420
5910
6876
3903
2326
4400
3706
3835
5971
6741
2086
4961
2516
1396
2711
9530
6325
1535
3296
1290
7186
8721
3245
1936
7310
9515
736
8911
9491
5420
1410
8965
7415
8076
5995
201
8828
5078
1745
2216
1805
7070
7290
3828
3296
6430
2060
3111
4171
4271
4485
1621
6403
3380
7401
8075
235
3541
1815
5456
2595
7435
653
3745
2365
3300
3810
4515
9596
7631
7926
5778
8235
2601
6130
8731
6046
9716
3700
7725
5906
7665
5966
3310
8210
6435
2528
4940
4926
3536
6291
8656
9311
8528
5506
28
8065
3710
9041
5531
5835
3378
7550
6935
7628
1520
2146
8903
1805
1871
6391
526
4661
3626
7135
4871
3936
5146
4880
1870
5296
6471
5996
8545
6591
6890
1960
5971
530
9191
5780
4726
8878
9871
5180
1506
5045
3751
3865
9485
5325
1626
5820
6030
7076
2591
9605
7981
1778
5403
3741
336
4066
3950
7735
4261
3403
8980
5490
9153
9455
8706
6441
8850
6826
21
5735
2991
8330
6786
2776
4571
2028
2901
8256
503
1028
2753
8006
7236
876
3790
3403
9351
3610
3620
4628
7281
9456
4805
8315
4276
2905
785
9801
6626
3896
2505
6065
9101
528
253
721
9780
5526
8625
3006
1500
4316
956
8653
1130
5703
8395
9666
6931
4826
6028
1605
9778
4146
305
656
5266
9175
8180
1953
6960
4865
2653
9370
7628
2028
1450
7616
4395
4696
5653
761
5925
8246
378
1781
4025
6003
726
8966
1028
6616
9940
6845
101
9915
1261
4503
3176
2128
3686
4405
4846
5766
1281
5730
9515
8503
703
535
3280
7778
7921
4291
8360
1845
3245
5145
40
1036
35
9471
1895
9190
9601
5131
5841
9403
1315
3535
7486
1653
3645
1611
653
4185
1930
6778
5631
3628
1206
1880
5628
3628
901
9903
1628
6336
3215
720
4326
4341
6576
2820
3778
6006
7606
1186
820
4925
8216
6200
4741
7400
9503
2411
5270
3725
3996
111
475
4791
7003
1003
5778
3571
8861
7596
4545
1715
8696
6745
9875
9453
3
2731
3801
9003
6028
3628
5945
2700
5675
8581
4901
4751
3791
9878
9453
7278
6170
4503
260
6341
8781
7546
1130
4225
1105
2955
3586
1065
6165
1815
6226
6131
9835
5691
7556
3090
1953
9861
3885
1028
9600
2403
2781
1660
8815
2605
8741
46
5160
7010
1771
8006
3378
9620
2030
9453
6751
345
4305
9550
5106
5136
3686
1176
4965
5703
2190
9755
5710
8730
3253
4465
3828
5335
6366
903
4920
1903
120
1328
2155
2086
4696
1946
1226
146
8681
2306
4086
3403
2611
60
4756
7596
6570
2628
3903
8716
7246
7503
2286
6028
7753
1140
2771
4456
1820
1891
5585
7400
4111
9403
636
3571
3601
2903
4453
9115
1365
3810
3575
7281
7003
1461
3321
3985
9636
1328
6845
1265
4356
8666
4736
1778
6480
7551
2301
4125
3005
6805
1820
6253
8821
3805
9596
4430
831
5878
8431
4291
5291
1420
235
1953
6753
878
190
1476
4221
1055
4485
4025
660
378
4070
2505
7578
8501
4340
6676
6000
7025
4040
5406
7066
8628
7736
9255
6770
7470
7751
2845
7481
2985
1715
8828
9403
6586
8731
890
9581
1491
4176
7951
696
5240
916
8278
1378
7430
7503
1856
3601
1953
4856
7410
1200
1661
300
6455
7130
5621
9615
6880
6950
8791
1328
7578
35
9721
8056
1321
3778
9640
6285
1036
2681
3736
9966
2345
8861
8676
3626
9435
2856
5703
9371
7666
8965
4426
6240
2541
128
8926
1528
5040
5505
8896
2056
3736
2181
5150
7125
6076
3126
5430
8951
8126
2266
3006
8503
80
3231
3095
6278
9201
3085
7325
4595
9176
5976
2346
6003
9301
1651
3695
4610
2420
4725
8435
9661
9135
565
7915
4015
5060
1771
7621
1128
3200
8528
8476
8653
1170
6328
8726
4128
2320
7641
7903
2820
9378
3005
4778
9631
9790
2680
7886
1811
1003
6421
3996
2856
7856
2215
2571
78
3180
7115
8035
4811
5703
2531
7761
1296
3081
3380
2416
8235
3560
8476
1025
3881
695
806
4071
8556
9403
2615
2028
5360
3896
6370
2985
2028
6586
1025
4350
9403
7300
7016
9910
9896
2090
5176
2026
5060
6628
8635
5653
1786
3836
6820
7115
1920
3361
3286
2276
9081
4531
3901
7578
6226
6506
9765
9128
7331
2578
675
5078
2241
3421
6003
9060
3028
5128
3511
1875
9521
9351
4721
8225
476
4216
4756
4241
1581
9275
2041
8230
4403
706
3645
8606
1721
6028
6805
8115
1378
7735
4696
8686
1850
3815
5920
401
6945
1880
9300
4340
6425
2253
5078
4036
4580
2753
2086
3515
5071
8828
1355
7720
3810
276
6405
7996
4066
1696
1220
2520
8860
1291
1630
6836
3851
5570
8310
9785
1766
5080
3920
4653
5550
8000
9256
3203
6566
7941
6130
931
6628
721
9315
210
6521
6528
4231
5470
8211
5056
8716
5036
9903
8580
9511
9453
326
8828
5556
253
7551
8390
3628
2596
8540
6366
2030
1276
1485
3
1140
7361
7820
4930
8740
8845
5620
2290
7236
9290
9420
231
3903
1878
9721
9230
6476
9903
1036
4910
1621
81
920
2528
2540
7510
7540
5253
6806
3030
1781
3641
8278
5075
621
3203
7578
2361
8776
1276
4930
3753
5403
7585
5916
4253
8530
3220
4320
4950
9501
3526
7391
2935
3828
253
8350
4376
1440
5021
9880
7151
5653
6215
753
1265
8135
710
28
8311
111
8716
9606
2040
9965
5676
1278
4151
5810
9403
7820
6953
7878
6355
7706
3403
7000
4780
285
8321
7601
5090
5466
7153
1653
6380
3266
6481
1481
1653
8246
9795
2415
1115
4061
5305
7985
331
5271
9215
5903
2528
9128
295
5791
3360
5765
6301
1766
2165
2876
8528
5871
9970
2385
4670
2655
3910
86
4196
1953
4545
3525
7896
4156
2015
7903
7403
6616
9091
6181
9995
4481
9866
5526
1471
7600
9175
9453
4025
7830
5753
528
3500
3128
8828
4595
9903
2028
8591
4903
1465
6628
7065
9430
9406
4666
3726
2631
7503
6953
6785
4845
6406
4816
9990
5661
778
4241
725
635
6241
6021
4628
7016
7525
6380
2578
5285
7503
4535
7761
1440
6328
5530
6971
6451
1128
9455
6260
6830
4310
4826
3100
880
1825
78
878
6328
4453
4505
78
5316
4526
7528
4378
315
1778
8140
8585
5936
9920
2176
3076
4190
1055
9635
9503
6775
9770
426
3201
9453
8205
3990
5028
4721
8828
7420
4215
2855
490
6503
3140
9996
831
2306
1395
9946
9776
4560
2065
1753
2010
8241
7878
4253
3155
2066
6003
3891
8300
7501
8805
7778
9820
8966
1521
7166
3925
716
6340
5403
561
9906
6025
4253
9611
3203
1151
2903
503
6150
5385
3905
5125
341
153
1096
8290
5360
6781
8170
5378
4966
7600
1526
2616
5260
5296
7531
3203
2595
4485
6080
6953
56
1000
4080
5078
9551
6300
9850
5076
4761
4340
4065
4896
8615
8580
1410
1426
6896
5450
4990
90
8450
5050
6706
1510
2815
8450
2050
9025
9935
7845
4921
2350
2300
403
1770
7253
9996
2581
8310
3060
8528
1331
9331
2465
8721
4028
9090
3695
7778
7876
4136
3236
475
6400
2620
7001
9665
153
9425
3161
5360
1635
9403
5396
8675
7481
3771
855
1146
5003
6480
2146
8730
8503
3610
4421
5081
6416
1003
9405
8776
5055
3741
5078
9110
1328
7153
3256
7830
136
5385
8490
6271
9921
4528
8156
7628
8145
5653
6030
6616
6328
6520
8751
3340
5925
9936
4378
1506
1953
403
6015
4330
2878
4975
9096
2615
1445
2431
9685
7300
2636
100
8271
9735
9153
9871
190
5015
2251
4528
8300
8590
4171
3735
8856
4955
8828
1560
5028
5551
8878
9415
8985
181
3878
8546
6278
350
3485
6953
7520
4990
1050
2101
6050
2756
8445
1365
8336
6651
5078
5421
2991
5176
9741
886
778
6253
7128
2578
7301
3003
7278
9546
7241
31
1725
216
3740
8028
7991
6753
396
1125
706
5190
4245
3415
6276
5260
976
1295
1028
1115
2815
8503
2346
5078
1030
6121
8885
7455
7105
2531
4270
5336
7005
6865
128
3661
6656
7621
2320
8878
2378
4755
703
903
711
253
7750
4241
5980
7801
7136
3011
9028
3878
8990
2866
5278
8636
7040
8128
2011
6755
8253
8351
4041
4680
3753
971
9780
9545
3390
1840
9496
1753
5151
3101
8701
2631
2700
8886
9431
3016
3
6756
9226
3285
1486
5170
9246
8255
8956
6596
3253
151
1985
2886
4415
861
8628
3156
8055
9745
1681
8035
1126
885
4453
1253
8155
503
921
5605
6665
5091
8526
1953
9185
9770
9326
770
6653
2461
4795
8315
9185
4766
2906
736
2901
3256
6406
8128
4403
1336
9986
3741
9166
2161
1230
7025
8835
9911
9125
6216
6356
2903
2615
5085
5806
1196
606
7753
8828
8775
6753
70
2505
7825
685
8810
8920
1753
4128
3026
9435
8390
6545
2491
9301
7578
3950
6003
6441
2528
6101
5866
2778
1503
9126
7716
2700
9346
1028
7916
1600
5341
1106
8003
6011
5950
3385
4726
7778
9190
4806
6376
4930
7036
2778
4253
7441
4845
7401
6800
690
5856
5270
9830
3865
2266
6528
7465
9503
4751
8750
3045
7106
7878
6271
7841
486
5703
8411
4128
7455
4453
4436
4066
8250
9641
8790
8786
1376
3503
4351
1606
878
1696
431
2026
1378
4981
8735
4778
5570
8861
5096
2028
8828
6171
4453
2001
1778
6635
8275
3903
3851
8361
1811
9153
1586
3653
503
5726
6600
2420
6175
5151
8745
8828
7300
8203
7016
8778
3671
5621
6903
6050
7556
9040
6385
546
8485
5155
1378
9003
5770
8226
9495
6526
661
3651
2903
3641
4201
4611
2378
5615
9820
761
3203
2985
3878
800
3253
9426
9216
6216
6920
1305
778
3046
1141
8256
7006
3511
3110
6370
9586
446
50
5703
2350
6753
8115
4740
276
9003
6905
3021
8721
9980
6336
3365
985
6378
2506
4735
5081
6595
1435
630
6220
831
9050
8516
7711
9366
1503
4253
8203
190
3128
9720
5290
5220
7101
1116
8716
6390
8700
6920
703
3895
8410
2980
2000
5511
7128
5476
4403
2086
7166
2861
126
725
7515
756
6706
2866
7378
6576
3480
6601
1905
9710
1270
4696
7355
2528
3831
1670
9711
3503
7331
9253
4521
7036
6075
7145
5701
1606
5565
6778
7861
9791
770
4125
5535
7685
306
6776
1645
7426
3360
4515
8315
3550
7611
1460
7191
7885
8153
5501
3416
3716
4970
4821
3153
6778
5546
2801
3528
4061
8175
9628
9200
6186
9320
3828
8128
190
3753
7680
6271
2536
2216
9550
5575
2296
725
4716
8360
9675
3970
5465
451
9781
4420
6326
5445
5675
8503
7128
8310
5186
3356
5653
3516
241
3155
400
6011
7670
3216
3421
4531
2878
1741
1255
5860
8575
5181
2196
2430
771
4006
4453
503
8251
2555
128
6895
8476
8256
8650
6878
2528
7160
9153
5153
9595
6416
1271
3903
7560
1435
240
5165
8503
6326
221
2195
2145
8471
4561
9705
1903
6570
4403
1336
5703
4378
7778
1528
1596
4453
780
895
2486
3376
2128
6125
2425
9215
3253
3975
3530
5466
7661
8431
1855
6730
1121
1165
3386
1241
7065
8691
6480
6126
896
2035
56
1086
2725
2640
990
1403
3751
3606
5601
753
8606
8753
9065
2435
7620
8301
541
1985
4003
2041
4340
6128
8120
5676
1955
1130
3001
7301
820
9436
3945
4453
7576
7635
8041
3761
3011
3655
7175
806
7781
2578
8278
201
3995
1065
5910
5280
9565
4566
6778
9226
28
9880
3966
7006
1116
5451
1085
1576
505
6253
4605
9306
896
7155
1128
3645
6876
8641
4506
820
9736
520
3226
4476
9811
2226
5078
5916
710
6953
4005
3260
5701
121
7930
3361
901
1953
6246
9035
5605
3785
5600
5925
9378
8706
8086
6566
9453
9981
2680
8326
2755
6686
4496
8060
5236
5026
7005
2140
1125
6278
7260
91
9881
440
7021
3191
6931
9128
816
4128
2660
1076
521
1328
7015
1115
2403
5016
4503
431
2376
5941
3836
516
355
7216
253
2166
5825
7450
1566
6035
2225
7878
6903
8905
9028
9931
2705
1566
3920
2835
6530
8150
1153
6120
6106
8355
7971
5695
5078
4706
5371
9715
3653
6153
8616
8501
9300
8351
6691
6651
5696
4161
7605
3130
1028
8185
3105
7991
3171
5350
4140
7075
4121
4086
3946
6496
503
6320
6381
3003
8826
6216
5876
891
7128
6071
5510
4601
2760
7895
4503
2560
9555
896
6321
8321
8028
9361
9725
1681
5110
8076
2761
8980
7653
3186
121
8005
4306
9611
1475
6330
5253
2246
2386
926
8565
5106
7403
1410
7106
3285
9145
2330
6455
2245
51
8136
9653
9920
4278
8151
7771
5703
3510
9181
9453
1160
7126
4778
6278
4306
1270
551
9815
5655
3580
2595
5381
9628
1981
1626
6740
4376
131
6885
46
4636
4875
3905
7071
2901
7003
4041
6550
6981
3931
5278
4831
5180
2736
4930
3675
2653
9076
2561
3140
9955
5055
2986
4870
11
355
9003
378
1721
2235
9115
6585
8828
4676
6778
5310
1150
986
5611
5256
8806
7528
4616
2628
4765
903
765
5585
1903
3446
9965
655
6090
703
790
7436
903
7155
3240
970
2701
1751
703
2335
6153
391
1825
1136
7015
921
6416
7451
4361
5621
6921
778
4753
3628
2466
7265
8716
1416
5755
1125
7891
1530
9780
1971
3965
3486
4180
6161
7578
3203
1016
2520
8280
4453
7036
5956
3215
7690
1595
8441
2476
8528
3778
476
6295
8935
6711
7146
1590
440
9786
7426
5078
8591
6505
4530
9111
7160
1528
2061
7766
4400
78
778
9260
4903
896
4351
1361
4936
4696
6421
7128
620
7278
2436
1715
5956
5503
5000
3396
1830
1006
5091
2878
153
5195
3885
1906
8491
8831
6096
5580
4778
5161
6653
1455
378
620
3753
3778
9860
9460
3278
6276
2253
8075
9003
628
7501
7625
740
2076
766
2020
2081
9403
1346
7216
531
6881
8315
9336
4700
2676
2780
6528
7496
1595
5906
4951
3010
2766
9106
6101
5153
4730
4025
7105
278
9628
7176
4403
3176
3275
3653
2465
5378
8628
1253
6875
730
6270
1921
9710
6320
7271
7851
5445
6378
5153
6216
9615
2003
6701
1316
8521
4906
1953
510
8686
8628
8446
4126
8530
4511
9660
4540
9628
6903
835
3403
4711
3276
2196
8720
1328
201
220
916
3175
2731
5936
4330
6691
6556
3203
6611
9525
3765
1656
9886
6801
3235
1046
9753
1441
1521
1981
1035
285
2800
4351
525
5703
7895
5911
5703
4265
9140
5653
1650
4166
7236
5020
9275
7200
2455
8753
3828
4340
4878
8276
8571
7503
9125
660
5311
3191
1680
6190
7741
3886
3690
7191
5890
8960
3461
4451
9746
7571
1515
7960
2566
5421
3855
9871
90
3540
9106
330
6616
9385
7378
1706
9003
8215
670
9403
4778
2045
6778
7420
5275
7610
7571
2705
2253
8995
5966
5891
7195
2156
4746
4211
5091
7780
491
9265
8130
2600
8621
3486
7865
4528
8265
6511
7275
3586
9880
75
3945
7028
5
3015
8061
6806
6801
2015
9455
2705
1375
2003
6740
5078
5241
5916
9456
7578
8128
7996
4450
8503
9403
6335
3085
1590
7366
4440
480
6820
8776
6403
3406
1470
6300
6878
3828
503
3495
4253
5903
4256
9016
8291
9760
1430
4125
8176
5278
5845
7061
8251
8146
7715
3461
9871
3065
260
5186
6101
7610
4116
5128
6416
6680
2426
4785
7045
7641
878
480
1205
6060
5265
8465
5410
1185
7830
9030
7780
8016
7028
3491
5121
3371
8628
1121
6003
9610
4161
6000
3615
5628
1826
6156
1975
4966
9820
6321
721
403
3003
1671
136
7270
1620
7535
8806
6375
7401
1235
3476
4325
5703
6991
2403
5486
378
3380
3116
9628
105
5440
7976
3246
1471
3778
8426
7800
2653
2190
246
7878
8206
78
2965
725
5780
5903
903
1015
9535
8440
1161
1003
3935
6186
6128
2128
4285
4176
3955
3035
4956
9165
3211
2061
8266
6221
7421
6153
9951
6005
2171
7721
2506
3625
3996
3031
7435
6235
5105
5665
5671
6696
2320
4120
7805
680
7528
9055
3305
2806
6741
880
8970
7370
9476
4206
3156
7070
2278
2425
6420
3291
6371
7871
2391
9701
6651
7778
1878
3210
7935
4996
128
3003
5985
7091
5545
2628
3316
9453
9681
965
3010
1645
671
616
6130
5345
6011
8546
4431
1121
7591
9346
2816
7680
8915
2278
9740
1153
5028
3850
6776
1071
4501
6616
6205
4753
2780
7786
5666
1755
6721
751
3775
3540
6736
5060
3231
3246
701
2265
5006
7015
7403
7451
7445
1940
2225
1878
128
1653
4075
2466
9453
6653
7011
8816
2611
6506
5590
6520
880
2600
8203
9285
3403
8820
4845
3565
5580
8615
3020
7061
5490
1020
4231
2796
2003
8496
4170
10
8828
115
7870
6400
1530
790
5525
5653
2616
4485
3730
1328
8051
7341
7536
4546
9985
4720
2116
5936
300
7746
2145
278
3196
4301
2606
3135
3003
1953
7860
7741
7935
1328
6455
403
2015
5703
6200
4955
465
6976
8205
4153
6865
6165
7150
4201
1105
8545
1170
4360
3653
2401
5403
7251
9476
8861
6003
9496
3003
5525
166
5970
3175
8076
1430
4126
931
1903
9615
4790
1411
3970
2378
8406
9915
1581
6301
1590
2615
8486
3466
1295
2055
1278
6460
8025
7628
5796
4596
5726
7885
4740
1890
9151
8175
5020
9451
2906
9065
5628
4378
4951
9975
4746
8756
9795
5880
4181
4581
128
8653
7806
7030
7153
8021
5671
9506
7278
6003
5078
6630
2765
9555
8210
8911
136
8626
4010
9065
9253
61
9905
2028
5703
8010
8805
970
3805
5121
9630
3903
7036
4611
2578
6235
8378
4426
4295
9140
956
6110
8153
9155
1190
8110
4990
9625
6778
7205
3111
9778
8615
7501
6575
9856
4003
9781
5725
3653
8828
7028
8505
461
1403
6640
6806
6328
561
3495
4940
5546
9453
6378
4111
2506
703
1955
9153
4080
9153
2730
9020
4505
4903
925
290
2128
8128
3778
1345
7756
7653
9615
5341
906
781
5665
2651
4386
9555
9453
4035
60
271
9780
5276
3280
3720
3836
1876
2003
5921
8741
1561
7050
1028
2021
6666
2645
3215
3403
5441
5331
9965
6860
6028
4453
6026
8221
8585
5136
9278
7010
451
6901
1765
81
2186
8903
8500
4710
9600
931
3653
421
9815
3378
2528
2256
61
9781
4076
6736
7775
2056
2090
7655
3215
3810
1971
4801
816
1760
2265
6576
7403
5285
5380
5095
7341
626
2366
2501
7571
3091
7900
528
7946
136
4415
4520
3356
5126
1720
1241
1003
7331
1356
7175
5506
3320
2220
3931
1730
2296
3230
3026
4256
1176
4028
2131
7653
4345
2636
7955
2653
8635
2316
8753
9630
3828
9980
3221
1280
4021
5706
230
6560
8886
3305
4086
2776
2201
9586
7565
9895
891
1700
6896
4565
7615
7850
3585
4831
7690
4820
2475
7578
778
235
5886
7625
3270
7475
1316
5000
9856
6351
8253
1491
9985
585
7226
7411
2435
8128
7121
4278
3330
8821
3790
3101
3700
8731
5831
6255
2966
7096
6328
1121
1903
5795
8790
6450
403
2578
1435
6815
8705
5881
7740
5403
1653
7476
7325
9170
3903
378
2496
5503
7086
4805
400
9740
9610
4101
2900
6861
2465
8975
1276
4121
165
5815
5980
6003
8150
153
5
4975
75
3035
7606
8236
480
1626
2851
1251
3136
4878
5703
8503
9361
4580
2591
5931
7666
5741
2050
7061
4753
7461
1056
1666
7465
2690
8365
9778
6055
5960
9575
8736
9841
4150
9551
281
6003
6503
5295
3153
2806
1328
5315
9916
8676
4528
8626
3726
7261
7336
8815
8646
4753
1115
4680
3566
5855
3280
7253
7710
8185
2990
9416
878
3371
8056
4756
3365
7856
6496
5
6750
2505
2796
8541
5750
740
686
8991
7028
4585
4126
296
7995
6131
7136
75
6010
4721
8576
4895
3666
8076
476
2481
621
4403
1355
4570
7753
8146
876
2128
8116
7878
7878
4140
4128
8255
8195
8266
670
4870
8806
5235
8296
9453
2870
9465
5601
8245
7426
8828
7760
2226
9041
8080
4286
3070
1080
6903
5766
8378
4760
7578
3128
6271
270
1061
9626
5005
1841
911
8278
2971
275
5496
2240
9061
9616
4330
9490
2851
2730
9640
9160
1355
541
8656
8403
6403
3150
8153
5175
1960
8203
7435
1253
725
3
8756
2753
4128
3091
8760
6471
240
1010
9936
278
4630
1653
2525
8201
216
9128
2503
4003
4321
8691
870
7555
7578
1953
2620
1096
1310
1695
7920
8970
503
2280
6970
3403
1350
940
5278
2253
3665
1778
7028
1730
8321
4346
3378
4661
9516
8820
7236
6403
2156
305
7325
4761
946
9155
3416
1011
4028
9378
7003
9081
3311
8321
2221
516
8306
6245
3470
4921
5611
8355
1628
526
7481
5028
503
9503
895
9378
5545
6628
8331
471
3161
2075
2866
1545
785
9536
1676
8741
8153
4903
7306
2565
9731
6910
860
1901
1028
2715
1981
2786
2150
9075
7830
875
1505
3885
1540
7091
6581
1961
5470
6810
2775
9975
1656
4090
5541
703
6666
7055
4121
5931
8278
9080
9520
3936
6695
8346
3066
9995
7856
2356
4003
8690
3446
3125
7645
9935
3666
5861
7826
3280
6011
3845
3145
9153
331
7111
5205
9595
901
1820
1770
2860
521
9251
1391
2950
8403
7486
5010
878
3820
5535
2578
2181
2295
4571
1953
95
5411
660
3470
9306
4285
1596
4653
1726
5756
3810
9636
8903
2920
4455
6800
9891
2496
156
9253
1426
1066
2055
8556
7221
6136
4503
9521
1471
7811
4601
5503
3153
9875
1855
7320
4271
9340
3056
4136
6430
4266
2270
7551
5753
4878
8153
2016
4003
3536
5305
9381
9096
1405
5475
960
2561
128
176
3241
5340
3191
5878
4628
700
1051
1091
9381
8278
6015
6628
8501
3503
1606
8125
2000
761
2291
9706
861
4666
5566
7153
3828
3465
2340
1953
8005
6086
1201
4645
5671
9875
1291
9536
3821
6551
5265
9766
8896
6170
5310
4410
1656
1426
2346
9401
3203
9140
3445
9566
905
5811
6278
8503
5835
8860
3415
1503
7390
335
6776
1953
1871
9453
1778
7578
8596
486
8445
7120
3801
7871
3851
8021
6045
2285
6211
2461
2316
2628
9566
4671
7151
3420
101
6545
7635
7931
4903
8700
8490
4856
270
5078
2490
9376
9528
7731
3003
8271
6503
9753
8260
835
2580
1500
3381
2753
2403
1845
9306
4753
3360
3636
2395
3028
9675
355
7050
8253
2095
8746
9051
6328
4401
675
7231
2366
656
50
8735
9585
2691
7903
1225
1403
5910
2645
7171
2080
8310
2605
7576
9990
2253
1500
2236
8770
2550
7635
5010
2366
3765
7545
7675
1341
4805
176
7906
9561
1906
128
3546
245
6231
2878
8685
2550
2706
5580
6635
8040
635
390
7150
1141
3015
6745
78
1156
2028
7880
3365
2596
2586
5895
2076
7960
5046
5976
3403
2503
6065
1753
7000
9278
6328
1645
2403
8215
7521
1253
8720
3416
5290
7400
6878
2551
9503
7000
646
5490
2126
4701
5005
7546
1641
403
2735
3891
9780
3095
241
1745
7900
3581
2153
3076
9760
1071
2126
1153
8403
1555
3826
7585
7931
7676
2441
1386
1935
1153
565
356
878
2701
4900
8236
665
8320
536
4745
3180
1790
4805
7356
5665
6305
1903
831
1575
4378
9950
4941
5576
2536
3
7070
5931
6153
5378
9805
6328
1496
3528
6035
653
566
605
5270
9136
5500
7878
4806
7620
521
6886
6166
2655
7626
931
3046
6906
3403
5960
7775
1516
1701
7435
5253
6635
5411
3745
4370
5815
3501
9941
1975
8440
7741
7141
1110
2170
9531
4881
3390
9896
181
5336
8025
8825
6155
8865
3128
3905
7480
7806
8136
4280
6161
3500
665
2200
9653
2625
7376
5105
6240
8986
7221
5540
3550
2128
4278
8280
2435
7878
6171
6645
6961
7245
5021
2571
5685
9153
7820
6328
9111
6120
5555
4628
9321
7791
3878
8131
4241
1181
5903
2378
7071
8096
9378
91
7735
480
4916
6903
5511
1153
1785
6311
8775
6503
8405
2286
4025
5600
1781
6870
7541
1660
8203
8753
2060
405
8541
6500
3550
7735
7403
403
4620
5856
136
4111
2628
255
2378
7025
851
6560
9531
3028
9028
4156
3716
4661
1221
8378
6725
7766
4046
5151
2896
9710
2015
2726
5490
1106
6955
1766
8696
8528
1465
4976
9050
6220
695
7931
5541
5556
8911
5878
653
5746
3470
4215
7896
2645
2176
6953
8255
878
421
4110
9235
8000
2020
466
4956
4906
778
8253
2903
6906
5366
550
1131
1256
7630
1951
3621
8785
6953
9695
3403
1725
628
3271
6551
8778
5878
7800
8215
3810
7528
3315
8315
3676
4880
8840
8615
2006
2415
4096
153
8653
8521
770
6628
3378
4616
5081
3061
6525
9753
4041
1096
6290
1653
4580
7646
7250
9051
1003
3378
2921
9356
7253
9646
3
8051
8175
9665
28
5275
691
5805
7180
2890
1336
9116
8801
8503
7878
5528
171
6761
7956
5660
6778
4230
9546
3040
4165
8616
5020
50
9236
6941
4540
2500
4091
8810
7278
2856
751
9805
8426
6403
9416
5245
1825
9676
5131
4128
8546
4821
6056
36
1821
6945
2210
4416
8035
9365
5301
9166
5078
840
1628
3516
6630
7251
2501
1250
5003
7280
1061
3176
6096
4028
8296
6003
4735
4446
8200
9520
721
2753
1378
6903
8465
5711
1351
8028
7655
9455
7980
2426
8276
4700
5680
2665
5061
1631
2246
7795
7355
4770
9000
3
5370
6381
6525
8811
3901
3715
876
241
3336
1711
6271
6075
6350
7166
426
6660
3503
1606
3555
8735
5101
8003
2351
2253
6880
9631
9636
7735
4128
6176
2601
3628
8965
125
9253
4635
3191
9070
3545
2156
7580
4378
560
1086
6356
878
8131
5901
761
6328
4305
4500
8776
6980
8253
3778
1081
6601
3595
9230
5065
7325
5750
5753
7985
3416
5078
7265
4746
7128
4195
4711
9970
6136
4515
8750
9751
5903
9716
421
9026
9453
5896
6128
3828
3936
9415
8940
903
5885
6306
2176
6670
503
8100
6778
1691
8905
8960
4441
6751
3841
9590
3436
1650
6466
7455
8421
5596
1253
9455
2806
1930
8641
466
9166
190
2535
2991
9966
7330
9531
1185
3615
9965
6685
2170
620
8601
6985
8086
2378
7490
7503
8000
2426
496
7153
9096
620
2175
2795
7915
3241
5470
3646
5176
8205
4653
7836
703
9275
1296
9905
3
4453
4751
6878
2903
6090
155
7266
3710
280
8610
7706
7271
4276
1435
9096
8828
1328
5653
278
5028
3503
6036
9086
5696
2666
8381
9355
1261
3220
9696
9503
2080
4653
5041
9475
9216
9675
850
2503
6860
3610
8961
9401
3806
3215
6041
111
9028
6575
9576
7716
8211
6886
403
4653
3875
7778
7491
5628
2265
8881
8906
7611
8465
9156
5735
7555
8131
4310
2278
1111
4171
8591
606
8440
9035
7578
5430
4628
9300
4878
6005
9171
7970
9835
5796
7625
528
6300
4690
3101
5656
9935
4826
378
4640
8820
9430
8466
8511
1953
5795
7903
100
2378
3636
891
2625
9240
1450
3565
7136
2475
878
7751
6741
975
6028
3590
5256
2903
8940
8203
8115
1885
1150
8203
3846
3626
6070
2403
9290
9675
5665
5306
4121
8336
56
8028
9926
5475
4401
515
6015
6505
5528
1003
5535
4370
4560
503
3166
6040
2141
5653
8860
695
9836
6716
9275
378
2300
2676
6670
3780
3811
3510
4778
1035
8690
9296
9471
8851
6801
1981
5635
6528
7800
3291
1271
9461
4921
8828
981
9946
5006
4030
3590
475
2805
2778
3128
7380
1675
7020
9161
2616
8210
4025
3566
2586
5655
4653
78
9920
153
6195
5311
4528
6260
1700
7706
6953
8753
3750
9190
7336
9878
3145
7446
1778
1085
3346
5640
753
4926
531
4595
7906
5665
7235
1621
3886
6555
4631
631
111
2065
7451
7578
9470
5275
8986
4085
1545
3376
6005
6175
1731
931
5260
1590
2480
6153
3128
2051
7921
2656
5628
2671
6595
2010
6521
3253
8350
6403
2578
461
791
8021
3
8828
5078
8661
3185
3361
6778
9711
3828
8203
2028
8855
7796
4378
9403
6591
1360
6600
8381
5716
8828
6121
556
9840
5476
403
3901
8331
4371
9528
5851
1746
4655
7116
4903
6961
2701
6660
4375
1403
5185
65
5915
9028
7525
1450
3461
4716
131
8826
4581
9355
5226
4750
926
8210
5846
6653
91
6878
8203
4870
7378
2226
6826
5220
1266
5078
4378
7040
7940
1370
1330
3028
6753
5050
9125
8890
778
4951
4185
3736
1778
1153
3128
1026
6278
4366
9596
5903
2725
6555
2653
7970
9221
8153
7253
7806
4378
2471
7930
6503
9505
7216
3015
3121
6278
345
3003
4935
7628
4685
4128
415
5095
9180
505
1225
8465
275
5456
9621
830
1455
9076
2960
7378
6735
3990
3730
3841
6015
2726
278
3585
1646
2345
1026
8411
6391
1406
8506
4841
3675
6653
703
9705
4935
5460
1405
1016
6006
5070
656
8525
4671
4221
2251
1665
9995
7425
2505
8265
6211
5540
6316
6953
1841
8410
5480
2128
8206
2375
6050
78
6600
9436
8956
8630
1278
4706
4966
5503
4075
5266
3910
2925
3685
3576
60
7065
2666
4630
2256
3300
4970
8753
105
9181
7250
6920
5811
3060
9778
1416
7661
3805
8136
4531
8946
8056
1756
7850
6990
8021
9965
5900
1378
4253
6995
8551
3651
8600
5031
3153
5251
9686
2385
9486
3203
3341
9016
9481
6920
8520
7585
6953
4816
3151
2585
8071
9453
9246
720
5541
5403
8656
6345
1753
221
2040
628
8030
9381
9856
4841
865
6165
8441
9065
7778
6028
7796
7895
6278
1255
3116
7736
1481
5095
7000
7305
4890
4530
7578
6126
5528
5336
7636
9250
5716
9606
5676
2653
6250
4495
6561
2778
2003
6155
9378
2655
6885
2521
645
6441
4666
80
2655
4365
7653
1810
6490
2540
9378
3611
1965
7420
1780
6981
4310
9706
8155
8878
4128
1490
50
9700
5181
4003
9940
2166
3020
4653
3591
7686
878
8986
9830
2930
3378
8690
2986
6328
5878
6761
1221
630
8805
6450
9676
365
1800
2578
8656
5750
7770
265
5921
8836
8910
380
9421
7130
1520
8203
1696
9105
6985
9285
4926
3878
5091
266
8355
5405
4378
7215
7866
225
3710
7510
886
1666
1696
8000
2378
361
4580
3821
3153
3910
275
6250
9465
3828
8430
8816
6750
4466
6003
9101
5515
4665
8128
2840
100
2956
1328
4106
3820
1800
4451
2028
8366
2840
8253
2021
2691
8026
1071
3203
4765
9015
6628
9785
2436
4145
2496
6885
4701
5701
6055
4850
2136
9150
6665
2091
8696
2711
8610
7295
8455
3316
5271
795
8203
4003
4453
6225
2956
1440
5211
5528
4870
9653
7006
1335
8828
6081
9065
8253
7776
4371
7320
1253
7646
7850
755
7350
9851
5090
4620
3025
8436
8435
2035
3566
4700
1
980
7350
3003
826
1953
7951
4170
8055
3950
1540
6676
1506
1378
7215
9390
1756
2878
9545
3566
1766
5931
8416
756
8955
2905
7436
3246
2261
1071
4205
5336
3203
6575
5681
5280
1670
6278
8825
378
6841
4061
6056
8791
7185
6976
2235
3970
8156
5615
6086
6735
753
6661
4151
1880
6601
8990
2296
