655026
249715
363755
889404
529764
11013
841332
861382
292120
721873
660889
995341
8541
458937
982646
730019
675782
651751
812469
99487
855343
911232
42464
271787
967423
371893
570953
358252
624261
67785
381664
71696
811076
734760
234341
585169
385216
295936
739036
963841
255880
384063
835594
699761
263469
239898
299929
517
398798
20022
581849
450504
973934
687682
534162
857245
36569
367646
500194
169246
643726
723659
5905
479027
433224
970387
890650
120661
566514
197918
685039
920192
115083
452596
125134
477717
42503
647381
366708
958081
640299
253322
393176
934897
25833
582087
752435
612514
401526
130478
263429
73039
461128
957613
840937
820784
600052
269435
813493
486479
258005
807903
610350
414578
972697
69608
877829
988258
690391
866177
117134
411416
809524
825420
779376
425338
519717
245615
945517
531158
32243
331231
642887
629649
682717
678597
386528
90488
618699
926151
417487
307890
915824
917937
983639
674120
654021
458335
889316
639635
274367
421358
198283
824520
877439
736723
668447
410122
540796
632971
942737
156580
579588
32953
191562
327078
834502
954596
745253
324129
997220
889495
701643
746011
131690
581224
352508
629963
896785
373825
729467
716291
627446
301560
41247
439277
122196
614453
823071
348013
855283
590821
51146
783266
357563
400696
909351
450128
378313
453883
94933
394902
714226
926208
371119
683800
70041
850703
144826
22009
160612
935104
118260
111328
858206
868402
85396
349917
301834
688265
708082
6031
800602
410949
282512
473190
472543
607415
725976
741479
835666
515410
643069
574431
957637
73391
772483
652793
48156
839627
501439
820938
426553
755018
36682
864695
953459
894341
384514
215429
423253
898396
358232
639557
334881
147880
227474
232529
672025
22618
132976
566655
648720
275943
434033
660215
618115
637665
871191
615655
718037
503258
397360
508710
158607
423129
315557
821055
875805
301429
50764
952255
966820
936069
443703
13347
815364
929653
774257
489332
368837
111308
165092
214988
578000
855312
209287
812757
308426
483847
556764
918466
277633
199951
251706
761563
684291
371502
930994
36566
725675
142155
537915
36525
508394
15857
222283
6319
78164
547265
73969
245720
870622
44676
502327
161864
408228
141014
148771
72551
109061
384406
961770
613021
312231
944959
769295
477305
765598
550940
777768
904752
855644
710162
677175
814974
566869
409848
632459
829988
76463
551457
751045
45231
213777
563682
892978
637426
619912
574114
122699
129358
268784
58997
23290
434664
750419
557254
870444
176684
645827
61135
777151
974496
106049
350437
665913
425419
221294
313212
901023
430122
391084
571364
417088
128899
287892
497570
183141
14503
425856
77119
824523
86688
259260
874225
742832
664338
364998
842814
309790
234838
744185
906597
292230
430294
21285
569822
237966
697490
839873
957349
177964
73036
356336
683129
887228
349672
593045
592099
780822
502999
745010
11556
928521
163226
727802
261884
60904
188786
331629
784572
840705
543664
769453
391169
906086
949272
73772
133938
301049
148724
805818
568656
285288
458872
458786
486154
242511
303963
173975
21107
98691
777151
512843
220691
642743
275824
747382
226396
887406
388140
73924
797236
668176
461638
566635
581498
706311
21634
496439
606475
213132
531939
213038
518050
379506
647374
408130
229325
537977
764155
786528
94161
2452
338220
556899
130386
229769
587858
21573
999719
917148
707465
882172
332519
876243
222959
382681
866474
134107
190463
37652
332282
153749
477966
72872
858721
841677
453809
966782
187499
927788
271425
184172
789579
752064
210615
124199
849851
979646
967552
929364
470107
459141
140928
988964
205496
115498
91542
779968
670865
510160
354384
353069
834408
534860
519209
4883
111476
995890
171589
965772
2727
407656
29520
122576
369917
320745
572318
87483
586224
207456
897459
439698
158901
565201
286257
361637
186137
378779
31149
539869
665468
667729
418578
348349
740175
992431
921630
438685
810447
626329
250847
79361
846753
917468
15664
83693
337005
863064
90906
317490
718133
504188
808119
408479
371747
743372
425489
923204
882994
409086
549343
214088
188292
606245
8635
73558
521772
960182
383358
842443
867431
237545
303707
700725
977246
660677
792998
604272
68908
532417
222270
648860
896152
668503
749241
231095
125118
371221
119184
632160
264224
252504
628611
666076
676459
908377
504360
682064
308485
281438
342856
377181
210798
684338
579710
257342
727054
710596
923296
682786
362360
186534
97293
802253
434417
169712
905841
76810
807584
770089
791893
612800
14379
802888
689198
280719
578186
221646
827501
27666
516785
809972
606170
728810
59052
796350
993361
412663
903794
91945
120229
579676
39940
477690
613505
279884
252023
464112
424425
745932
118958
328142
304210
90669
104242
292848
185998
976482
156935
857474
238852
103126
661995
349149
686953
459120
863243
897143
111513
251665
361023
924642
143190
843028
313905
507815
116878
892934
406759
514423
59180
765301
18555
365471
237693
80834
769218
343422
938416
371674
288414
540378
162573
510675
104357
443480
75821
625285
493586
650610
90009
336511
983027
109581
356367
662891
638661
213991
580082
28635
705914
111875
34179
480139
962611
835347
769147
908265
201416
77458
396507
67925
104521
743461
440233
277454
475083
638766
686525
919456
469548
690993
302166
818990
88098
555095
892124
241715
651979
970246
308174
656600
532088
459214
522029
522343
430948
686948
840449
625689
791746
551606
58090
633347
404109
260263
566828
508862
282729
468981
104054
575271
88916
456705
674038
954232
223069
915825
121767
612160
203778
777558
382315
603402
407072
811633
109801
160064
793766
135640
330524
692380
14545
356768
352701
642865
794143
472154
327791
288261
442689
732762
252643
715330
225678
27902
724933
208438
31138
204957
845791
507536
818097
386709
783740
912272
436885
396984
505401
250675
18944
388514
428526
888311
458623
906558
201717
872733
166734
820635
902466
448018
16687
522908
90444
545694
527345
748141
251599
444984
995510
994347
631190
172667
762966
184993
26117
260936
838262
960453
255700
912236
851926
426023
979539
922433
974922
241917
997540
562611
425402
943319
517883
525829
390954
64275
758426
768142
297236
29270
742738
360789
284737
488046
896657
627956
326179
416354
209620
436170
175840
932267
190900
284157
321928
696233
3061
389943
541615
580560
258958
289217
746096
43218
196827
365111
749625
904120
326955
296848
833024
627884
979814
458440
672737
212092
88028
444887
983071
279015
412942
437523
879643
904512
909060
548944
834344
64055
240825
395284
646374
839968
248178
879126
488011
549562
914162
900665
787963
854029
368767
306443
936041
247072
453409
725962
248018
606124
658435
946330
571329
299706
49645
38319
388068
131565
958465
14764
419029
502635
877419
467309
900301
905205
806654
75199
210168
270451
875868
216262
919665
255872
757464
13476
220593
265980
309616
795539
481670
117636
110294
517708
471434
128000
48226
61046
28537
853836
574341
916460
792066
553926
747621
253815
254248
412894
467931
585884
309398
35891
805752
188051
124564
541958
207172
732450
250284
425333
282446
980331
914101
368486
842001
115693
680518
36239
81762
567431
66254
701941
85010
362621
317705
559828
773337
451419
904177
223204
530742
459199
164654
318463
241246
914112
290409
90821
580335
835702
559581
924879
528429
648188
714757
139407
113286
115044
491272
896368
536042
762887
976454
810549
900808
944275
982663
719327
802048
486399
199495
436404
238688
811167
530562
173925
893688
300850
251866
919806
422468
331612
704090
990995
475632
530285
488413
54599
644810
810353
64266
862376
442046
787238
941550
583684
200848
518054
213781
830986
760083
945081
382460
97429
462779
478356
951510
386714
503500
321879
695752
644879
750843
860856
451750
657343
174310
395064
298209
112738
535293
85488
34308
529630
945211
847662
755
226519
631516
165193
565989
375618
693182
297807
273745
473414
61575
397043
825544
793339
188810
490592
476556
734627
612747
910430
974334
643527
977308
543462
992073
719205
784478
450995
38623
228793
912334
95859
938806
814983
731229
239751
566127
341142
93495
801417
789086
934027
602143
363858
517206
782266
973632
547822
85129
145118
326645
846277
523623
503636
349945
297281
774294
792000
448955
163989
279056
881881
703108
333244
855582
702898
423743
677916
114582
330813
571243
266347
887870
489985
929076
292953
148594
684760
667463
277958
155498
649516
578150
220506
278327
188115
580661
709411
80486
226835
116898
687582
91342
507096
136116
630814
932204
895890
152493
882321
156409
413614
898050
516438
352810
420165
438073
56341
953567
543920
353390
139587
582243
520149
684693
897213
618874
45972
393885
895048
126676
63742
473045
747012
406345
657947
591034
634987
906425
904881
83484
839024
566525
258035
937550
57108
600988
985887
797009
934399
224944
487748
969107
425162
619169
561585
87147
396082
30335
697711
119912
928503
847015
842422
40556
296329
760971
653209
734289
302326
801340
910108
605466
323720
477680
150056
777203
92498
612933
861623
248987
966890
423586
240760
749406
759003
839904
694827
82988
461606
291784
852217
960440
962995
744329
669342
482341
800500
712757
923530
834448
735541
947329
642981
397424
78178
10426
318423
265171
577713
53441
842725
379437
998260
793975
365939
666157
909727
819805
858005
120992
855358
688570
420323
414916
955494
522919
715497
33344
702732
770595
749751
98620
557604
546618
951339
849343
366584
495014
181535
116952
684461
477072
696287
731054
789531
253315
563723
500323
408750
740512
651183
754152
563222
999478
6334
264793
654127
564392
282537
701908
636177
821607
315059
191729
590437
166051
767099
557068
177322
151266
983827
871751
374260
736770
679979
373432
406936
263901
660785
365098
447350
800089
468541
780684
502751
567790
119648
100035
215210
279216
809981
160865
225285
459709
506043
918925
143148
649020
698986
793938
276886
458875
333008
368508
565143
393343
732013
173870
906114
240597
371262
880083
648308
177992
674472
415760
114400
818808
587496
132321
259658
652546
266369
811310
879257
265054
59604
71874
161170
132692
687389
854309
816174
554399
849979
887131
624395
890360
959463
771072
574430
15464
871212
560461
139034
837609
250942
372070
117097
494939
960468
478337
399486
668043
490745
614823
213140
609921
280635
50665
186533
352229
175889
682803
682981
354296
850226
638779
285564
168399
892240
759865
594387
993058
95239
935478
348890
596025
928904
330025
120656
331109
962283
7234
867428
805352
823245
437135
474532
228432
753878
742719
828541
768347
294539
364081
324250
276678
26108
521286
540028
767010
241347
400841
871073
941037
927135
309592
702604
87402
344975
483673
408933
86698
326133
324711
563570
925198
827331
788176
835303
605505
449091
287965
172442
374703
255182
588184
468483
389890
844564
624151
302840
643134
705474
83636
993757
99271
513271
309717
552066
908355
196343
132498
122441
475191
675274
349683
290320
742341
215892
101981
717342
729081
763582
101010
184299
615555
786929
919579
232683
759245
374726
83917
967893
76667
367112
687305
790494
895842
69420
504132
518419
713783
335719
377353
182729
49788
790192
683809
719750
228753
67867
412966
210583
718406
901243
236965
454420
11675
326291
584394
214678
78535
373542
32844
964628
664630
108587
665913
931656
953166
725106
293286
129359
437853
463961
691826
45200
844675
891599
832140
205511
90461
21459
628888
726769
730350
217347
127915
536427
66965
133823
575550
427371
42307
858121
926389
62023
430912
646021
744289
268520
757797
832994
500078
267293
465442
677503
225562
707897
142723
395241
872877
298707
546768
871508
629159
430152
170767
414052
63592
596463
599257
736461
304499
275189
573950
794062
106037
188332
624036
40605
597524
135549
20927
972030
575819
455321
99203
698689
954619
605541
856784
139913
492445
51544
382004
171862
502441
903924
325929
215881
443273
172254
550675
838976
999840
258811
195106
355719
570459
26512
31065
370413
796880
873524
844620
730973
619285
468281
178780
932494
535386
589095
551631
973657
299230
595940
700216
727695
66992
965756
270598
353290
570177
157072
736369
504300
138331
321536
850320
873463
553063
96987
493745
907932
711035
373207
436701
299320
983042
295820
166101
120944
62322
17835
735752
526241
758307
396282
867174
493408
72909
318492
139361
540412
989805
549814
930785
746157
250612
923934
759390
239269
850488
672922
940788
830298
531695
811411
716586
838616
93447
887912
496464
480148
986662
309117
594906
683547
149163
490215
354168
474103
715525
378355
160377
760894
799766
316342
34351
18404
617296
674901
324380
970871
843837
40795
650789
63080
538626
921832
983987
604344
56759
738215
682627
807202
424756
86455
23953
762472
800641
147893
655486
4230
202864
338890
166044
604732
759225
445904
464044
545655
910787
804634
7510
390497
898711
306528
517088
85757
204971
915673
393339
390803
794292
849280
713102
98120
198355
327888
299309
472951
405711
661305
994059
1403
747885
497636
266641
313756
741992
374516
167012
8003
241658
80379
749520
891152
372742
890683
571678
927560
712435
451223
519480
127143
48897
393569
373910
192430
150926
655282
793998
552082
843576
123089
813840
654200
128994
761717
515082
449145
875603
319322
429083
723268
579750
163527
500942
175432
1939
597630
911617
124999
764144
338460
356930
537870
892058
869964
722487
843598
823758
996089
446954
43340
365687
593945
31942
971506
104313
444577
763074
696571
708697
636171
706899
984488
693463
352667
66577
780755
951341
373758
483924
756125
236350
693178
183132
184609
673373
956081
970853
901337
322847
985457
331742
932538
689670
515214
336043
422082
422635
755831
479967
921206
979154
144993
311764
980161
321717
225371
204925
62913
758695
696495
758773
35911
269852
826145
25740
685979
871194
256639
577757
862907
31378
769214
380102
428886
914540
910628
39844
807834
117114
11246
791410
760927
382134
222692
31876
954952
949335
807981
583441
295585
286186
595551
261169
16769
572428
638589
479679
889754
414064
261836
778471
536326
655034
947775
719119
918132
858041
747994
384352
798340
594488
649466
480719
412571
24084
633750
262538
839523
357716
530500
818284
370225
764053
304961
419903
307580
189389
210110
43023
566881
445936
400662
752562
586759
885637
463525
734225
245468
729473
717895
740971
642253
322403
397848
667417
641047
305641
585720
932696
120820
151079
709469
540339
154518
728632
604174
846008
869449
112980
949737
859449
714026
533768
562724
743509
737440
568051
629138
689021
556871
824072
658116
516104
110985
798046
702432
962698
325243
4703
809359
967871
780918
714247
844371
3130
252344
23868
162107
956909
287356
618430
339984
465319
750153
804706
715011
873106
768545
513837
670386
556722
555448
868225
767252
329717
562446
285343
392243
844690
255201
788383
119341
663053
362692
3976
984633
117569
135392
896111
226485
402224
831603
609313
843470
157
406851
554047
757062
336704
713205
619308
782048
465241
802002
606077
781782
751277
177210
607729
510615
8704
953562
914375
393121
675061
314408
796508
599621
562627
354102
745125
34127
767883
260563
374141
793898
998478
268583
186981
807430
879882
800788
783532
782877
316968
629857
373901
262568
301747
240008
364098
377746
79128
82105
530071
403685
625059
932905
842615
658443
857220
821094
318314
480505
999765
415124
845825
588003
815050
606524
576875
792278
43481
234276
716574
388653
854415
847556
401660
609324
813500
826812
6640
547055
25885
382060
758474
854232
146869
741605
933508
570154
99163
537961
554704
291077
587631
477131
455841
962882
522776
821215
972783
597738
462819
784458
156298
554862
505825
514271
948400
892048
257821
629113
187298
114511
904546
542970
535691
512706
257682
195131
777135
934139
4881
230035
343538
885170
457985
58710
389696
484415
59496
113012
961973
275709
524217
908595
921718
985849
833887
727609
700299
130879
978331
883140
790055
217803
290576
135105
395618
560342
753132
130405
186118
386004
321991
496520
558800
873604
74456
523876
289235
570980
622997
481778
749962
778379
296685
93508
385988
497412
364484
283284
144091
457900
411190
983
434382
473328
926495
122240
549151
218408
543764
265109
983492
737374
882625
949435
966630
153814
242338
800273
741327
593789
97416
908109
933316
922942
656391
310032
785508
366633
264947
485176
614633
381032
952327
741558
299657
748035
618907
975184
701079
914166
60051
701546
150932
828038
257129
702963
249326
549532
389033
715836
473175
126708
143538
606195
625917
136297
379566
114236
214010
293930
238443
577815
617440
949721
601013
806375
612880
807325
187928
214188
148714
697716
326849
261196
533378
719697
895876
470299
775202
652709
520650
947043
482931
886767
156155
148027
394651
151626
719451
109838
959259
549751
62038
143597
424786
394877
636812
946738
914746
669970
609660
722549
362524
311701
620624
338869
814569
573654
985095
67704
314613
124738
626090
63131
933759
51433
371133
517196
147988
743494
980092
628409
553132
190853
511324
378108
975190
355257
186515
9949
74234
438523
409945
403884
18961
940866
338708
44949
77387
355907
819226
40279
129656
770951
757296
153472
96849
525083
9971
661879
635131
42653
602587
313405
249543
60671
272491
330183
932827
549701
739231
525355
482122
379351
452848
610588
86303
699718
309291
924049
92478
768792
316244
152330
953210
645456
500164
636149
944219
153284
289992
491617
469075
917775
790790
294124
158929
288245
326182
821202
678172
351153
94068
658387
993030
364532
750314
543802
649628
115369
998107
876527
248523
524238
49539
56255
284868
815581
235253
21861
219469
514098
213504
202833
845448
880087
535844
433960
324783
57035
776173
442764
344922
5388
255967
247043
160014
648602
38723
168899
416655
575748
499602
684829
724981
329361
479571
283424
775034
642483
218145
915822
300358
429916
165768
246996
185855
54923
722767
998122
885733
358086
664059
833027
359184
208919
221521
263175
589844
950335
862396
301319
476900
659381
24217
799501
164430
642655
673668
899375
783886
377594
906977
574443
510912
226793
664093
485487
991189
704584
721105
23497
321706
640920
285564
889385
996527
788996
798177
214195
647669
412006
509248
293164
227510
373702
170166
215834
701026
256154
626171
509408
400673
618989
765883
986933
168568
200089
572000
586541
647866
846538
915594
593760
643591
849354
379222
288210
927093
742787
199771
83209
796553
892081
368147
35035
438772
416981
520880
524945
545380
591370
350815
471105
407733
597804
145149
682131
80816
742389
950299
123095
986633
252463
320314
646187
780632
784013
845113
455141
378013
407047
303303
266389
229581
507556
166830
899523
685161
692541
339425
112312
811906
278599
204133
914643
105445
466599
179884
31859
376324
734552
745393
685440
166461
826715
618647
482011
340294
963415
963787
385061
627616
15392
596806
821496
707870
165971
174153
428926
802430
988635
790308
73352
930999
535217
236784
884802
425635
704730
364858
736880
700344
599030
256547
521480
882036
652590
286736
581192
537442
840151
517407
855788
687982
786629
217445
398312
205352
747641
226069
308369
596599
853784
914499
762257
817901
798940
719085
947015
618985
238714
548399
837800
659350
130530
355152
992936
467358
903793
57517
634951
123843
430412
868472
977257
890309
117
879560
51235
74787
305975
715937
739402
405693
66763
646050
430033
140584
645877
609236
287273
631473
509155
88270
880154
885655
417914
997163
559157
723504
594151
638694
538965
887552
727596
111214
248049
573382
59563
321924
449695
276249
918003
493795
42187
572471
958296
439882
180440
344330
878312
366206
389704
597421
337898
483409
604441
123987
628679
572754
176304
156698
564706
86655
433865
609996
270733
552733
291164
160664
543869
446082
226423
470591
524592
559505
686556
397741
642737
569007
901518
175899
610343
478032
636997
422144
255931
710277
875571
452237
370464
892895
653119
997377
337451
62140
249011
220788
755503
752591
182371
397308
789018
715378
152500
203773
534501
863725
494860
604102
729304
61338
571829
163251
381212
562069
431667
109048
517895
921428
52035
694637
829906
126795
422073
30126
206451
227667
378804
353422
399525
491594
971997
489992
314951
759268
907663
984595
247669
303324
358902
109818
457500
678078
513859
910197
181265
524393
410627
119516
804612
391289
80272
284444
573766
376255
267088
804030
652989
898869
777040
985069
921248
242200
770896
321446
10778
496851
677387
910686
155984
767799
529230
483565
712658
102731
936929
431841
190262
319552
981737
420418
813915
338384
571389
918472
184202
144066
37674
168113
625943
579055
726415
732921
102657
25507
29846
110416
966108
636130
916238
244694
34873
493785
475350
538864
8286
685891
654534
790731
371490
883125
124114
706458
280983
51577
631480
146948
843255
439337
691787
16741
518345
6207
940850
493162
107633
369300
868924
717346
660144
777724
909599
939307
912368
413736
832477
694616
919559
829632
892313
231201
693009
8378
396780
653893
801750
779121
617468
184181
492965
376276
952950
558958
523369
682637
970803
335930
869918
53248
657138
281862
311097
695448
388035
254546
829004
784289
433423
46340
341566
98137
727855
270667
775723
452527
725280
976930
514794
464347
646566
253986
288435
782072
753479
684178
285945
973908
370382
200284
637317
68788
556793
562783
441324
792360
681504
724416
475181
408245
799190
33052
312334
198024
419417
33426
168575
501324
538685
373454
756754
815172
31250
641725
169147
869253
206745
422802
820159
119369
167440
473001
156499
709913
917558
124148
801655
333118
156315
215858
619366
536788
370942
499525
660618
426407
539775
740286
50575
820063
428872
472290
405773
106621
581486
738478
780047
402937
964972
932183
750687
783559
123884
739542
613490
506497
35833
652744
426210
167134
876602
879665
899553
365323
143856
726336
647444
389216
84223
926486
17339
649262
844858
499348
741085
888183
690428
277635
425654
418360
620282
91732
848422
604456
727944
362028
473288
288507
334829
721081
961169
426909
520130
651079
948176
808989
985545
341088
975013
158835
610963
730217
893889
829388
823616
431097
590057
909979
773168
77817
916539
490104
406038
165962
432760
254178
576088
914040
788223
464925
881555
110848
723483
117731
919181
699183
823459
243949
984207
339468
246772
301443
986339
909433
461512
712871
585490
94189
420353
953767
630992
63451
877822
466388
998252
76689
954431
925506
944276
871416
834430
89805
810311
638625
547729
83120
941010
397550
831040
156190
310872
873847
908464
687417
446550
557119
867123
848345
907559
468323
634327
882749
55060
220648
634696
783461
588904
686352
473399
930298
206257
560432
188651
600415
654095
942662
306088
603116
535985
672676
595220
670875
767635
637511
40919
370299
664762
402784
975109
608986
134338
591518
922172
567823
412410
259711
875290
301875
116110
204684
916746
695311
526421
961410
161554
714688
468892
857123
244888
141044
525869
501510
34673
418193
278971
73239
119618
564172
563696
326624
631781
993655
51657
668617
874118
117848
928772
812380
947408
694452
680999
663331
174804
813093
314481
741314
157197
685413
436910
290019
937435
294137
559788
244141
673026
507014
554823
720146
140202
774821
818263
144576
213214
514184
25708
782196
452524
844313
496315
364114
932587
242502
664050
457003
349423
61309
468904
198573
960011
114292
805285
32360
652852
520482
438179
526168
711852
693014
753590
728612
852805
600333
447422
321931
915253
170232
263803
178873
379262
186278
92980
607476
354029
410997
56532
466770
67769
962937
981599
837472
805885
608545
190120
698823
770183
385169
976582
98265
37956
512554
717460
655516
135055
515022
553479
614113
784279
453467
510746
814268
354592
256070
868792
587375
775502
118930
463008
278305
806210
258076
731942
883185
980212
568410
301213
113865
151114
611158
723211
645992
936254
895111
863891
913365
587527
464836
377880
692819
89583
67170
838509
473365
134518
859461
758533
324224
778424
331251
804739
439656
279729
487639
99422
539994
742645
274553
517904
201491
472729
819820
386820
662037
822189
599432
993189
900287
838903
389283
791378
585687
351265
104130
814711
464860
496432
792856
161958
629520
514574
59047
665737
785560
926656
2872
393477
934475
150971
592187
828815
919901
632532
363119
405283
183473
80300
71415
809047
897554
903123
40618
643297
643955
365999
425756
363824
118191
577464
302451
406050
427766
722221
854602
481756
943331
831081
944716
559337
142796
782718
946693
278938
728223
599292
930695
366515
591441
979128
239345
897802
105365
930892
786377
687229
809424
661044
70518
407749
283522
558501
104504
533352
841818
33782
885152
715701
220618
882640
819441
615830
133070
926911
572190
524939
498662
194099
333822
27489
446311
635493
617229
363831
903533
814333
680768
110142
923630
602375
292563
227542
463968
664079
482341
471765
699357
488375
44131
904372
845208
260335
15710
997028
334449
503095
861161
639301
503368
487712
379596
671391
129589
168713
487528
8887
821468
899046
948373
407803
364724
416851
87053
118700
206446
192633
373458
16212
316994
764889
584292
291055
958859
210553
747472
998023
291728
564148
501223
909028
389333
71300
92463
91283
120717
818974
820959
482926
704644
407281
364553
664755
669737
297480
544554
796006
11125
149520
618580
248590
733890
591523
731520
701614
934750
634915
165560
780795
747815
583181
826599
397405
685385
400846
969156
855083
222682
170436
647867
691937
76158
454304
477146
265830
998773
536370
464858
549337
956908
52466
144001
170166
737244
904262
905721
63250
190456
486523
781462
313743
840133
182183
843096
14517
811423
43369
38361
796487
252059
594136
393928
63623
694781
403722
724867
40628
669805
84513
399288
149011
902314
825579
391104
829064
794657
181826
922413
737771
554646
947628
88224
956551
895335
187359
67211
294005
562923
567824
467986
187773
192065
539973
67990
612699
308098
702368
882790
725897
850730
795500
980860
502102
859782
237932
565532
174411
749959
472725
841296
214539
415703
436705
92347
167498
239863
953515
278026
668720
681572
33987
195365
895271
133709
786412
293027
687361
596747
432949
517128
6703
10865
654509
86720
59014
115390
647745
834540
539566
226637
615823
6302
759690
870361
651572
92685
117812
76960
107774
565817
366662
667779
594184
17288
649901
708274
433633
206177
686982
814849
804624
310209
447905
343544
180960
137235
499078
983351
851054
249711
587047
218457
655602
587479
834941
335616
959466
156548
893431
425408
258777
413657
424703
983151
423629
274959
895217
12256
889336
153646
241992
643723
454533
32293
547362
288762
483860
36453
360013
539572
270036
44215
675627
734056
438169
281551
776083
436052
543280
854316
663163
650498
845457
541045
750896
642409
554967
30065
772080
952111
477086
931869
333311
458214
845110
804772
687041
61455
955206
600790
303754
444252
862780
437652
612529
962353
405741
304511
911475
477316
8029
432121
609697
361061
419550
559294
934619
362511
980342
254631
737375
926355
607406
999296
805771
702277
748479
53427
788763
803715
419376
373522
634553
82248
222952
838796
342838
106474
319227
269765
360598
535294
901810
76851
892312
369562
663525
964302
405101
865788
372516
755721
613037
750275
443442
457277
838597
207823
533756
479076
630222
876749
98067
495697
948166
614156
770907
364974
284192
215423
574565
336760
526973
697437
719395
714270
294544
179190
766678
379579
521186
28054
153309
10728
156334
172616
388932
346204
126602
51365
694804
3819
660585
636473
347477
528301
498486
885874
135200
171877
110991
135433
783836
489498
516982
770179
875657
767791
700266
84558
817067
764011
678976
185621
109678
113526
578949
954403
541929
227052
742246
748192
361327
63581
200635
807832
711734
252667
166570
797483
382120
708899
901471
809651
594152
305
253060
81674
675853
706030
339972
540865
665241
955118
521153
230475
786087
88612
129941
568135
999244
677599
736823
955947
78821
876236
599877
285955
862202
78371
90304
360160
63452
213877
592260
669091
342340
165525
598016
293232
397789
781144
865469
118274
746995
662842
50545
406972
995535
716681
457042
402285
640854
932012
879890
1518
571863
598663
749783
50215
881448
315742
924868
354460
112281
190165
310001
286705
975822
598644
602704
848704
629345
98560
223176
11675
292690
199385
245944
896695
78472
327611
287515
699821
250803
548739
166241
488348
290472
859926
582407
990925
376261
626889
249635
648210
443371
66312
95679
750554
695644
394760
793228
889944
945179
47931
270608
391344
208668
744824
408873
590625
308777
76474
688499
374196
547068
707564
3732
613446
397178
754434
953539
848959
392724
256104
520635
431123
972613
380676
935002
214881
950928
309862
10477
239192
725134
866637
734085
195358
146373
919789
157488
649468
19226
701170
189507
130371
633144
506562
83425
678434
537171
268031
482840
667416
273977
66621
910941
449923
426287
177052
153072
141864
698095
783064
459645
503789
712401
649732
480647
762904
842988
751866
836085
251303
845593
220473
83853
434899
901190
402424
930590
281886
105983
965194
693272
214170
234799
757333
955143
904516
884715
868414
200330
863315
412069
487844
599025
162596
511685
6633
989138
937746
107180
491688
571753
641592
718674
656296
450196
362071
214864
79651
765850
620485
271826
364868
820580
459087
336266
829040
81732
316264
715169
283276
288597
148417
876465
325660
866610
689497
28825
650059
734943
413164
590544
907969
147190
884711
545948
667983
438222
661282
657351
576757
419356
556695
981274
892718
694801
593145
918713
443713
233672
798770
324408
322196
333163
261837
325186
292338
302797
829075
935640
631717
802294
231703
260994
775989
662707
346823
13323
210807
246047
271476
16469
869759
69312
309458
205390
578863
405458
16988
65455
320235
7564
130331
129993
112246
830186
885849
220954
329443
812040
795737
218290
481817
782390
898555
5598
501257
872370
451281
133347
705922
418573
656239
349164
485393
547724
368781
683388
360423
581399
899790
323090
636790
594066
657859
464883
427881
40154
132270
984695
190461
976843
653407
66189
509544
12723
135554
134207
394013
394538
651195
998725
35675
723922
872919
254683
798886
69941
4957
449382
586932
312265
707578
367355
398707
779516
687142
158198
524539
507213
875763
333437
64704
24918
132885
901250
64181
588011
791400
870510
451087
82333
646104
597645
192396
464474
118635
741338
304651
875160
601093
856646
616373
340867
330240
297718
412375
549947
105144
563450
724442
512406
691192
83262
386471
749236
115572
318730
357749
627120
420924
800682
987430
754313
872622
976437
295176
280739
981890
858765
514713
319138
924030
757128
213493
269340
149599
618987
125192
898347
460216
262959
14547
862781
83917
18177
345116
609676
40643
568935
847738
939418
20573
281049
118776
85080
639775
492484
603875
932457
628487
324344
372663
19920
874821
320528
953527
635644
191978
138602
614201
262736
902209
762344
740460
415538
352545
252435
66172
844361
492801
7375
610326
833487
776679
345967
207604
884484
166141
243986
500536
629352
721440
971923
295353
256891
177588
494406
342969
918612
221810
664571
954952
82245
381633
747561
539780
707933
258844
201383
7578
219991
713480
57362
759488
410505
711449
546310
589200
536769
119642
732022
982244
197058
303594
737335
730118
79116
349089
990244
201434
470165
490775
48078
168033
441395
879148
874630
601498
151770
244873
932137
55380
763455
349433
197868
484430
428951
199663
259760
232633
200485
201179
185282
92983
906341
414251
838364
282917
610172
833932
52562
19088
404479
828547
597739
230491
517060
379927
749751
849495
819447
141929
750620
263508
675047
11154
921220
476672
710802
840495
502722
309643
881389
688310
602861
810108
109094
12256
90937
504049
5455
792656
668763
660400
786480
960091
838550
866628
428945
222088
300065
423696
479244
685247
597393
349842
251373
97075
630826
32264
576439
856305
128823
42211
666705
880723
888725
11877
509199
888760
448176
74334
205406
112277
590458
586077
405145
136159
500425
145155
977988
903052
849006
28491
23304
690964
651461
864768
418839
55451
679193
600469
877865
732887
128464
600088
718714
247230
303668
729132
296992
230197
47840
762500
255994
555492
795504
364495
331898
961929
564492
855720
816689
603757
610712
149840
173260
953606
856496
2390
791039
255766
774948
436574
489608
386712
229732
134948
142783
275689
494716
591682
375987
114125
624664
754637
538746
103955
218906
158705
492814
624072
425358
7153
851104
713368
917425
54418
692204
919483
55596
712059
879332
812021
444935
701139
426344
573623
657177
6557
472679
623886
756821
587237
910576
396753
860072
183824
883373
982806
523876
159184
568526
716526
568504
732905
330454
185508
294938
742672
331677
481167
20069
367348
341523
157610
464736
748623
446615
909742
592522
574535
30315
1755
14038
844593
108044
735041
554172
202277
303025
822464
513913
878528
907929
35720
963082
375033
455325
153505
842052
627098
142955
948450
714582
792152
241690
430012
858478
748810
740656
77027
449488
611119
988020
212494
376730
956651
179501
170935
820342
83224
470078
586902
670257
306660
283809
431897
884623
833334
701906
118619
943874
707044
750635
396072
885317
301617
4368
607084
267631
554419
675335
69997
251117
935763
762614
524474
989295
614602
535149
421198
73708
893707
300362
96558
844580
641038
633843
686705
509960
149833
292642
741064
689687
926116
820065
560077
827672
71795
436692
538393
2724
901524
481159
740760
792802
71309
26785
287266
53350
438205
328909
502110
499585
339154
934158
746725
20226
763762
671946
847448
427851
443663
755086
746596
823536
54529
58086
511514
47988
123557
132401
699732
350426
856152
681052
356808
21456
636198
708524
222195
999378
88819
38512
230218
886838
980008
140988
905794
257096
722647
942370
187041
921834
939241
169796
63752
200518
754052
921825
478204
161646
606819
742087
842692
134559
136312
290744
886059
572540
729850
551046
471232
805445
922284
480194
543735
398592
733780
749006
565792
619867
44414
286760
106421
682970
430070
534824
306766
346802
625288
775588
43266
514737
585386
596916
282181
560888
538144
360365
865721
608459
110894
4507
434055
606407
208643
858840
671602
193651
777555
927162
530731
488704
137091
753971
520618
695391
835831
734025
716405
639006
8569
383622
264452
155733
721555
56527
221036
259022
865357
830264
512600
814826
396972
962306
306612
421780
636021
281155
66368
499481
108077
520384
885662
225472
325659
351808
471372
207993
195106
221396
932287
874222
738771
223148
854900
130155
546553
238816
84757
65483
505386
71782
846187
612852
915367
116124
322630
603094
466592
733244
784161
78516
130144
723307
602969
623010
62139
869381
453521
793694
666165
766614
510040
115652
596948
246907
227865
355372
431866
644374
521170
145930
309975
855877
110041
614836
688824
698139
352890
371479
604533
35443
600087
631809
388364
892276
372555
880359
910958
427736
538956
9058
562811
888204
68239
872076
772677
838119
3446
531462
717436
935509
324977
230707
349768
6727
720129
324203
614808
413023
608004
216792
60377
375181
28083
453974
185180
497016
26648
846847
967297
129511
870606
84649
398290
947330
981327
609749
594257
871215
120770
660599
225408
751978
427807
217961
802852
454751
883629
422376
609512
157672
156343
273340
40438
132435
590412
766947
55324
409433
731111
192693
192757
979490
184097
815189
935851
758761
759138
27105
99170
337143
156485
889448
618233
652901
125664
432691
802544
974618
429359
470650
144157
44348
201722
585551
861598
425277
534237
677193
470289
789481
285591
848474
698195
875767
469323
452049
676353
518717
486586
605069
471812
102847
848140
102131
855403
552763
30955
224961
933333
808482
709214
656305
575591
583735
34191
407056
5384
891171
797819
212310
427645
194527
161747
27362
372883
843395
975046
710292
951943
193066
350542
633258
892530
263740
394908
435622
980328
368829
918161
738248
115048
59399
682843
868473
982817
742406
254785
247677
426362
674177
795960
694133
383997
913604
621909
859960
489226
881264
867600
405914
485200
708198
425742
341316
55050
630344
849542
318451
892214
534803
836723
931733
163582
827959
615944
360866
769406
702832
758610
95875
56663
733123
168147
49202
845523
982568
203673
640335
625401
508851
403079
636602
926502
630662
405828
477738
294068
864741
401323
573880
47514
382154
60732
428965
254050
690111
990190
343692
229231
412570
449270
332277
164254
213646
661262
969929
557845
938338
86042
227255
677193
11425
12158
564279
456296
135270
565015
650087
838644
523921
93996
46382
146372
217228
249016
506836
145738
517627
512591
20386
449101
378604
140609
361284
680049
769031
546038
98356
211411
654605
477765
570823
559906
785688
554646
283789
251958
947760
750118
970641
19488
980211
548317
693169
206044
922277
498869
453554
82197
469309
737043
124542
61096
250872
303432
305916
63448
916518
224889
890157
660998
572884
401433
309103
27881
926494
486672
378585
246814
61730
574801
34459
315118
277017
176419
369474
76683
195463
723795
524295
623596
438475
413154
901678
16442
79919
456930
76984
108288
285591
745631
185897
916412
958209
815093
32736
698299
428202
112375
877911
526490
57960
158378
717082
752490
148569
258740
908422
486148
257947
669214
751662
725241
557555
447263
48578
10228
19981
319849
448682
202011
415930
134450
405705
420028
436541
356911
190588
220999
570281
262424
472001
588450
484945
10029
733637
89673
574417
569590
465685
899341
228374
479466
38479
521071
329406
962888
696883
41317
620979
262620
909079
610462
532577
35302
309169
666545
241464
256893
63948
138365
516998
199104
242402
267263
12272
542796
531776
466634
639976
893686
701340
477594
49670
817536
363901
523787
702113
87013
698046
165682
452304
919794
258508
644881
785546
225384
634322
652209
657389
928466
410167
834424
16124
235155
565104
980438
616782
161964
517031
295452
704545
548714
627073
281549
483793
507681
842911
15744
256304
321584
94554
700301
971751
103449
698749
482365
952427
951252
617189
123629
572598
326561
174854
745035
797508
692802
415146
267850
427966
497424
126224
104444
446403
855674
404227
116710
658805
273385
526951
742846
392759
98246
349895
790931
268870
391096
326382
212282
690673
55776
390433
141849
427658
300885
416113
657277
698528
147585
528687
424443
776585
267253
520215
593308
871622
558445
207761
193517
797534
455598
887482
969657
575729
975104
679595
430419
311988
528761
145331
107171
224467
525163
347779
988642
103232
371954
240536
698912
861555
841905
938152
568575
788879
685835
408804
670582
515304
191118
583670
802233
842305
425744
97516
667055
661768
445692
311426
213076
811118
565400
369937
662205
467632
284220
415952
873852
831096
874473
979630
931258
629884
982809
708585
374670
155616
616834
324509
787352
63922
479779
900727
344988
832277
865372
595495
203153
227454
932588
218851
653213
470914
603607
389278
259721
751593
869073
607734
928126
445119
122902
863807
774175
686152
752112
189129
71039
102954
157075
514287
111236
425758
35829
753066
925229
233682
283193
333511
567331
468428
907446
726832
668717
373701
994731
365760
201727
418335
947536
681400
110345
169650
972778
965213
864009
775561
87103
8317
729870
367707
22088
450611
539216
23596
739977
971290
294344
451637
884544
736841
668560
554696
195662
332340
199817
780974
636085
551780
310671
475812
145936
510241
829418
318900
205376
95504
229438
128989
287239
956661
222947
973848
447807
247395
664396
992882
875168
556022
784660
809059
735072
575112
110009
727718
836440
113142
450263
493949
485288
382697
383978
175174
666756
959048
966569
505320
563789
972461
613352
41930
791998
127256
68959
13416
666636
808920
868535
801016
836556
276792
113820
678760
220022
888518
523748
254319
241140
550152
263718
774617
946580
546407
302079
593616
868993
697945
69380
187945
956103
455197
371165
181722
327314
28893
432350
572407
155363
369413
538959
601649
246649
193365
803378
139443
797730
311464
9578
494540
279160
367041
65725
626999
874852
457062
904971
738488
554103
753300
659377
758145
309994
363536
628774
965383
308406
386178
357506
459371
315396
336633
439659
609542
104889
728772
298320
299095
562952
536493
506102
996780
775758
726585
597138
809348
880611
762204
8083
86000
672040
251671
969919
621599
193845
479612
559583
179943
926536
483189
924354
337522
353818
841469
979491
96806
799795
321034
757615
57055
618579
604619
237531
221083
908993
100528
99510
121339
366305
654631
757674
98564
761306
187752
854433
47782
975660
647871
321741
301211
634205
594692
440457
687938
880866
733575
890257
37529
127131
55558
116718
590289
314014
878554
234766
147647
419164
811524
206694
964800
264150
731863
125551
233565
351698
470593
267001
186128
319513
972035
142843
370393
285862
17718
526095
261528
853106
825636
174029
859589
741652
333622
735878
249938
64671
356535
389597
627137
402045
390634
29893
151039
618951
688755
714914
15994
615273
650064
714426
906536
219788
738330
635878
140171
648642
247520
948913
819461
460307
927427
431953
702811
157496
549940
834596
724677
293800
583840
441151
73613
744148
35888
264263
439090
730388
43512
134477
403633
866373
552270
936908
121881
316146
265217
691616
835424
625449
97645
181115
362371
843803
727926
575941
440549
96927
405738
540311
585956
898633
504319
151688
356616
684406
886390
488956
462603
768120
753657
311579
386572
366691
450332
932352
20096
803106
621423
59621
155039
277028
106423
677790
648012
130723
438814
836601
665002
302490
574668
237416
614237
211007
395412
414650
663737
645720
454318
88159
731404
889551
237578
802542
279838
607227
544683
322923
377700
106130
756290
647751
831514
527983
887569
991445
197696
470154
371260
125653
921764
924800
546852
473712
964505
110144
115347
952638
962910
994055
301440
280338
564304
802001
885440
42013
307174
668025
294076
36824
126642
609720
384770
368257
431670
356440
653580
93452
534369
214725
132045
808220
851276
260101
996204
681380
169606
573100
118476
4450
864155
209466
873519
825300
696025
398558
975685
674778
906344
711047
311780
247096
87808
751454
912579
815970
399807
468793
225845
503291
565708
217752
323984
258584
721550
407200
984985
998002
954431
919983
211775
116242
308321
413630
692883
325257
701726
781522
52494
113515
155132
493998
27265
710869
957861
568598
59196
379482
572079
514912
359598
25290
571024
790011
379914
254788
754180
586688
32543
359504
887940
440017
994255
864956
970619
823519
595233
118472
581448
387935
194618
920461
660337
45713
799441
365627
891720
610650
549409
269628
75372
873663
328318
492006
790565
172653
872550
355569
813206
180666
850822
721530
846025
254984
179576
799494
948555
646818
296219
479981
789995
988499
259393
844025
911220
390894
937430
811729
966190
932313
445905
9368
183174
351053
450806
973071
760679
754948
14732
888868
29300
377930
915663
38560
826420
563525
459527
657900
363497
247210
144295
130817
798899
302788
46519
51462
95952
265962
144484
537733
125623
310353
93013
156327
641203
19693
448732
19087
680347
237175
36112
578920
701593
738539
332703
314632
60250
580204
364356
401735
618806
836649
575496
253152
160635
459433
380206
672731
467723
139932
326813
975165
8719
540871
215686
713986
265347
999316
491184
427786
495170
623553
778634
728097
49594
707585
425428
96453
961411
426438
663958
69067
600023
980125
782914
842361
133327
72609
224734
997833
117053
55956
797164
952333
370984
588320
601248
718734
94590
779178
867974
445839
41136
103503
796307
37336
898991
76756
674656
296657
429423
116774
166474
274199
446379
84776
687517
851947
236689
277123
519497
414277
779546
806292
442741
378157
274715
729704
450569
859303
929899
80930
722109
63931
420042
762953
989097
467115
160735
480322
865955
58877
904871
610663
600378
239086
892203
130482
439015
388431
396862
695149
246338
597471
564060
927949
802060
239818
931434
550510
769395
442530
743437
234972
325792
233274
920497
183972
854753
822243
187184
725292
560087
123412
377759
902765
436575
815230
693867
984250
360112
613897
536683
446795
102730
384429
801544
602772
878898
29288
255051
907423
28541
363090
73151
40471
529221
689616
170578
445473
732149
235155
6756
727010
342414
893799
520613
607725
822403
579887
970368
984474
449212
184293
297478
149124
978264
414600
186444
264568
663464
827425
638487
285397
264798
362734
801901
709871
238724
698668
807645
412804
176752
486636
322009
736293
824298
773887
916535
239727
313601
465356
686272
966941
156061
881170
578437
873793
465970
939803
10374
167501
705991
873772
441028
692507
936514
807709
865163
782867
553473
781190
465063
914217
356012
710876
556687
200445
451884
177377
869403
387099
317604
405773
704544
645947
829477
864428
835354
692571
176933
943916
429834
260944
454393
793913
557107
321338
876127
840908
343246
639075
360518
100974
705042
862467
949058
824309
38343
944203
95277
637425
652760
553275
363227
545391
839688
493976
9038
90064
140133
11019
717594
403243
542101
769929
644320
284130
437269
233946
826915
395948
81523
352316
244652
176235
183149
121242
807774
594443
687314
870927
845667
759173
82331
978041
510642
978563
852946
377053
218400
235303
485452
117889
299889
285616
665615
337733
882269
510439
20129
497997
647734
213821
553141
856684
742957
654476
500438
830925
380703
605795
497545
639977
277523
729711
442007
68319
130361
22817
760295
717071
230428
444997
935430
607922
585091
318030
914340
246216
451547
908101
59689
176059
616164
721478
877578
283763
399981
723248
116785
21820
955160
550474
952712
264889
177245
156776
105616
837638
308310
995205
883640
924001
319734
14353
336777
278883
217309
464589
806167
255124
140826
238131
105129
251829
342837
313548
996449
182640
224402
300290
866605
686685
346832
529486
606368
173547
935741
408059
682598
412547
105703
606994
157992
383475
901810
321927
103229
558231
505468
116167
477787
462316
352375
959046
134471
94197
840977
552810
462549
453696
432131
430606
791476
112334
151896
394614
338871
274383
864874
907089
774264
118716
959207
776383
894908
171644
244799
897808
961034
489275
823353
447776
163717
782960
232888
511873
954356
659378
207136
830619
585009
994737
590900
5526
347857
698951
560264
785680
636275
856716
549970
330302
768154
548760
964324
173210
88851
268598
53648
57405
654092
991272
700743
629689
367039
49086
140801
264142
282116
801889
914519
346654
503028
773962
51286
231305
45350
467447
788169
208365
432382
695997
325063
789078
271374
294990
756448
525435
321849
669504
612700
184628
808993
392080
33183
177858
351091
614464
79382
452358
966096
408846
745920
605431
615723
530052
750807
820291
460066
168182
444034
264815
285243
765916
613758
427184
525238
121253
789333
742833
640057
852263
800665
694310
160292
234752
582273
530250
237650
122470
895303
297675
544540
15237
339242
717947
568390
813861
361282
417431
564892
535087
113106
896387
832736
783252
992257
917955
515697
228692
697050
830881
514420
114483
635627
530397
421474
157823
80397
333503
482895
750846
585016
492202
343287
270946
801603
734287
509656
256673
266641
862952
605315
513340
417999
321799
639416
416409
603791
575738
522449
645246
110162
79234
915267
923211
291851
971197
516154
762613
540733
554927
417235
218895
309796
28961
426231
431364
134908
781349
876633
665840
341389
662004
692712
859699
70730
15824
7090
613623
781015
139804
392257
510211
955953
68810
243752
534562
532997
799960
997584
983185
285349
162777
705534
643724
4388
831464
84605
213938
960090
632121
536199
375407
187365
176834
400602
574338
170532
783955
920986
850546
448800
828775
736748
596172
812317
896637
33463
83479
617136
381949
342590
900717
93344
202905
871209
244149
665911
670120
721626
621508
280121
793139
883247
310481
600119
653739
706179
191153
351137
505473
101705
812824
877007
953888
825995
240206
717283
761937
994678
542822
788624
135239
862809
88937
95486
415264
198103
351037
778975
449276
733364
103171
913826
853028
351883
934415
894168
944179
821186
498989
659616
887230
678540
540676
642658
887985
520229
884611
461182
284166
800388
95797
986094
365406
490343
460783
388337
760999
182025
751099
935262
781102
299169
309759
996890
835036
312568
824530
114111
975414
424894
979300
426745
371651
968594
636317
913669
135969
241078
168960
933879
668078
214949
349264
850377
493939
294353
18294
653380
3599
959505
936566
589323
873280
654115
101632
182082
410082
439033
159042
618826
571554
272196
845177
613234
112265
848858
706092
484594
47911
94572
117459
440451
86565
936103
559844
349109
107924
244231
245772
208718
686421
229397
60455
437810
274565
756811
94266
849827
627984
489543
917760
838468
882102
689619
654763
917380
103447
719863
35921
77124
889308
976868
249804
986685
396299
893270
644086
187065
517091
732122
806728
37354
135877
66456
368752
991747
363130
38644
112392
645875
395586
444294
766727
89198
217714
17476
125479
244947
349293
147547
987240
506209
897740
831726
900983
561449
127967
88745
116190
889990
532709
969860
426734
648611
403603
884028
338194
286446
263795
892146
497288
830424
501468
656596
912301
560709
493459
797872
923197
883633
158289
11448
512631
968918
753495
461730
978758
559332
780906
37211
951845
159963
296445
403784
80043
29790
720081
689285
719927
727627
451238
868646
464658
582187
986975
845984
497131
790482
565089
508302
709042
582407
505519
873733
19778
340953
522389
377631
844889
944464
849715
719751
322814
875836
302665
202819
791095
345709
429865
1759
916613
703038
324689
100816
315665
656538
978617
48297
22406
825020
258035
612114
274777
906433
577493
826152
812491
453846
469942
800869
690845
639856
697884
22549
229213
851014
984911
221836
938667
242705
296208
92842
180189
588801
897588
778268
556505
399158
838369
492902
255167
839409
633169
12519
651728
411641
327693
586217
337470
7672
489798
190001
37257
799940
706004
403139
59348
864143
66835
467255
376597
471539
943547
317569
143065
776933
572367
617943
13190
627973
888985
408498
133493
43305
487896
309268
563977
609098
700526
585523
579128
865002
204626
835081
699449
138189
210185
814079
476243
734069
335264
637347
341247
543731
155184
909401
141577
983961
459168
188657
798035
927404
343574
614005
869812
502604
264474
686143
769861
777426
866015
193668
203353
494577
309118
518577
390926
166343
144031
482028
774328
352378
748750
593765
976685
192607
680980
211041
986507
38099
208666
202053
813983
239889
352795
836323
282199
648137
509007
317029
233538
536621
151284
618953
849332
480877
585461
386267
792921
573945
641273
515243
591230
674958
25067
421977
731832
438785
13888
425074
954841
518537
559275
884979
25409
954940
284739
43304
437438
813667
223450
30631
727472
784109
11202
288446
769732
814098
589887
628994
804522
920046
228330
625025
32902
699575
993163
880310
974742
403563
676495
343256
600743
873301
799037
576792
323560
696051
65600
588811
121503
975113
910345
635828
151352
906419
639003
504250
934296
558534
153739
544865
173645
522039
977517
388645
182262
888245
452480
122567
680574
755157
419582
53006
614480
875012
913482
7515
186907
176156
324056
458229
422940
919664
453746
193173
938172
810478
644470
8116
652243
272933
814135
954908
822760
685075
792805
140419
21186
547223
254110
67764
649187
902835
444904
165157
188067
469987
133961
343539
393506
779340
25425
155594
799917
158706
579233
688495
605734
258926
343692
336465
115475
96210
772233
771911
669131
14967
170429
691202
735995
222811
889311
642875
711198
767081
625213
391087
971464
107297
856613
314753
985657
583276
423723
404243
203355
813271
834781
595837
338481
539265
87960
168977
375358
812404
752660
692601
997748
671113
464203
874891
436298
997958
956129
757937
293214
925505
549636
325751
248577
404333
734535
222842
428627
193132
74531
804442
626907
214895
65496
814092
342599
922821
374712
325553
325537
495761
276924
872546
413991
731314
796148
380736
686311
833096
934495
12095
198796
678530
793565
466461
533336
263937
711608
431587
365407
587219
566328
818719
369278
993180
809759
521376
575206
429128
312949
870472
118326
78237
437416
210207
292194
354558
929203
299019
619984
750941
353641
703046
177572
90251
900274
437571
328777
328026
371563
252539
108158
632084
883653
398840
581337
279353
388111
860481
388849
408532
413307
265493
72924
124976
56983
298356
346532
169348
614797
665613
754970
179175
410040
110043
568043
434870
587046
993520
448242
939598
973030
883717
839328
180353
460330
227424
68190
995955
285704
84695
979059
972842
246812
314807
960394
932783
863302
785786
212019
974194
215004
35250
790969
537654
920846
452430
470015
618306
663019
685169
956960
898641
484490
686865
378993
838011
293490
686429
376039
376161
713285
20485
747224
673172
970904
417460
865693
322351
534616
463214
605219
64219
487062
82074
305774
497708
642628
749605
791846
976969
171553
903923
618946
697987
790991
31928
775512
828663
432322
497095
134005
770935
546982
476337
523340
997410
724142
725269
398054
838719
731862
302069
980864
497761
812931
799933
893081
542783
954008
842300
940977
51707
301127
390289
563690
124098
843961
965884
405589
984590
928194
430502
194950
884681
389792
511096
562022
228532
231927
207631
450004
102870
2158
731699
310791
332856
133826
215748
27553
115943
45651
173237
875063
309943
978142
347489
344542
280997
982781
448816
954465
834800
989038
888455
517043
383960
983466
134231
83065
608331
508185
937159
818956
571560
839147
784232
387198
917344
645116
159996
542088
611331
789485
442176
168540
243556
171450
363258
273712
35930
227861
928513
848702
933514
364992
898732
386946
193216
827337
294592
500025
691532
111810
881668
405832
905674
816397
506246
677203
205663
366680
36087
374971
9313
686315
335683
152870
985963
992401
479315
719970
317152
259690
24943
83295
572570
395700
9074
270111
763010
119116
386321
622343
718399
41683
945374
247849
832042
590723
323344
215923
930426
902589
703660
216150
784552
35261
759124
930179
790758
907206
668445
55134
347660
855173
468029
558195
418922
575799
709156
116331
709917
331612
500635
659115
92493
757480
945426
642553
613769
978569
15277
79255
456920
76245
360774
593851
943560
610574
114972
974770
1128
801628
203574
77451
330469
953129
659491
695536
993447
980922
95073
749783
116429
682461
251583
167994
820107
697004
866068
77598
843588
217661
328631
380990
463980
783259
540017
346124
392005
617106
969703
664842
852415
186393
261163
711621
899386
290716
30615
137282
18036
183483
118617
714334
401388
725555
290853
748924
168491
976120
562329
280180
530383
585790
58020
363821
793581
691375
961468
961690
374667
638933
451670
316874
907526
112897
703523
586279
649175
583783
52488
780393
660786
567
678483
231745
850429
863888
368159
768235
200520
727269
712938
586428
51334
435004
764838
14686
126818
643936
241058
334140
816185
267215
409718
721226
211820
914273
581248
345493
945410
707129
471143
807206
78487
217404
125847
558306
574899
898892
165886
228138
13955
421721
765382
402040
169977
724961
78160
717192
314377
967198
799519
928039
706034
948476
788568
151994
24037
28935
442406
922958
185887
188579
680970
510696
513433
142938
725477
482807
843855
100609
594093
266005
456574
344602
73370
926047
547717
457483
576376
970980
19201
910179
598343
358394
813270
284853
907008
906497
922967
706279
790824
550209
426950
933072
379845
771211
974470
683596
502819
251327
588864
229121
487631
256449
3283
738330
54840
622091
406487
581877
194164
204999
127294
101987
275176
239968
502332
639984
839195
804816
348104
794877
922160
184914
32403
260579
876729
671851
128629
734960
18216
604947
51765
647857
593140
972149
23872
899952
599208
353379
57018
372466
724392
86686
842858
999630
822137
134623
478036
253688
670361
105319
629665
356007
710204
644765
545280
458109
138386
336317
234352
34802
612309
215895
920566
873939
43401
3744
783770
546331
409925
665730
92454
620645
987416
382451
65788
381733
862446
740109
975375
577060
912451
607512
910001
902272
484027
246698
96414
333055
460146
990652
771134
390846
950753
293407
579908
592565
235207
124820
406474
133225
567854
961579
504411
955389
896432
456113
538719
974758
498366
34820
392725
630558
850988
28846
440731
546815
312754
609081
206318
880058
475224
505975
110741
912518
696348
588032
76923
878317
910490
430176
426920
871196
629402
165801
435959
464095
275451
633977
648594
497306
44395
777640
969278
639325
424018
26215
484326
64526
295955
959229
410792
548640
160252
934974
370627
17984
795828
480438
488598
139042
925065
904987
420179
238037
488087
254101
342842
328223
658567
920929
654037
265906
530645
992170
849068
148886
89105
576651
477792
548514
832676
89702
879279
510723
321398
387366
908383
473572
7713
582270
4537
295049
135393
338252
621652
301642
86192
415270
334244
816098
699795
441136
910989
903515
605665
749223
675021
875471
336045
516912
229773
492782
867697
791497
942170
585729
934657
328090
342125
236911
644232
364714
95876
365545
316717
124539
736233
283730
460877
990769
350766
375747
592609
144526
151996
524319
982177
933691
626412
664552
446152
899647
7594
242883
630611
78085
840978
108757
80377
441728
811337
846653
298653
213881
229153
34715
912291
353189
653741
675485
782429
505571
578769
542263
699485
521970
678527
964391
966924
281288
901121
499349
67714
937440
115117
671085
837936
715883
242564
513148
675121
235013
277873
587494
471316
741159
152124
338090
271362
927867
839108
508819
584926
589969
701920
288967
591712
330565
606956
88099
590236
484881
641296
330611
94839
905472
817918
20643
930676
602383
692150
313521
769363
233971
496378
659175
666878
293129
894978
186528
61987
803121
256694
65920
418005
850592
360708
391965
841818
384426
141199
26737
163473
513878
988478
785919
163614
117860
301886
974588
689663
564360
972432
374221
756166
461760
53285
720203
847665
801660
744083
67300
371481
850708
313098
514306
432533
260233
991765
210082
712069
469228
242759
634937
464585
517417
840643
214472
79490
692151
493359
35669
485790
776464
887267
7208
3628
454323
132047
350342
358207
918807
331689
153804
382266
871341
933519
153459
188515
468473
761524
850354
81368
180203
412678
765691
408373
969010
338153
753422
376182
43759
341651
17164
337010
284546
323617
326952
511962
670383
261718
887804
205895
293022
811796
879321
192727
665193
571406
842647
368492
574301
564350
433565
839251
454911
870871
819945
344862
252954
108434
130285
234780
196950
562550
387472
600220
635162
507963
548412
909115
811407
820179
327268
355440
814816
237217
689291
383932
762012
7891
955104
997272
819523
1356
60669
376250
1066
818971
86412
328167
691052
154336
915859
619591
197935
273183
154547
69334
496186
771091
999399
42041
564316
63321
851119
322627
946939
309725
572958
504084
209996
399853
913960
197830
857813
852679
964491
197582
475938
128966
299134
985080
954285
15429
598455
660569
915543
573652
175129
23596
983017
78358
962385
849686
853601
852062
591969
867097
995578
473452
830364
440886
595304
688807
453392
138198
345119
186694
933342
576402
989798
143743
184126
811515
286960
601382
679656
337697
943984
105261
546437
880941
461702
696178
858548
374258
859937
419523
571009
842386
951879
895569
618711
768451
520896
372034
291073
656577
563087
391656
806262
787773
389353
761401
510702
239139
286247
355108
935131
926153
379002
470278
823229
173751
486625
538767
289662
54204
661834
836037
182989
744418
845513
133970
705656
783263
830215
435684
611074
764935
20107
815875
811214
896384
865207
287702
674495
987812
866369
889116
782221
172421
181904
170924
859932
672274
871363
23256
822791
98637
129586
85342
484868
988278
154355
405305
58806
142523
889620
735355
929649
972863
914907
872938
375468
153413
881944
572292
927210
674016
349202
178907
840974
287994
988010
895671
963934
830442
237864
803928
118637
686107
871227
210760
488474
712991
98371
912179
613718
276776
959420
652272
743060
660388
691420
241249
406768
518147
861203
742619
453398
761903
282121
144355
30936
103001
417754
838978
188158
322535
184572
472223
373696
759017
544435
643593
856275
371390
188476
770698
363910
234469
737299
540688
157727
501150
941979
500212
504097
589900
130555
906271
207614
855558
211826
674483
889796
151066
317982
339936
477405
586890
617552
536420
677098
642376
106792
658316
944900
961630
574380
539789
629370
814991
47150
422487
731386
76577
344972
945967
96597
320928
395269
908391
55979
135028
841655
724900
427797
343065
676371
96945
868755
176381
44301
452314
453995
201391
488813
839529
794393
930161
562170
294057
189692
275691
958824
214480
211357
26224
465043
730123
568895
625423
163376
458093
649713
247191
173283
287595
775007
29498
238785
672912
602556
314801
87373
905174
536678
366000
233757
874581
607252
687927
501911
383644
24687
270558
280571
918814
682665
818091
672962
263266
715176
226922
321458
395177
745121
911419
347252
890783
193918
736990
884949
62271
259054
288424
903887
656892
237030
222658
531770
730104
460148
940074
930200
709209
976431
735041
482384
30735
471240
225556
328615
427272
321695
944386
234758
868454
542475
809628
95725
971114
569552
265009
849123
576916
319822
387218
881653
158615
560913
444657
649808
696830
133258
972637
969111
598685
504609
630376
278973
338429
914360
197007
140484
452964
21211
159877
370179
83357
613404
818958
950896
346950
637064
914074
986030
793978
783246
252259
755391
129141
881270
232874
841114
818326
686481
837962
951687
770180
363260
176654
385122
397620
627632
602554
188817
805426
704850
724915
528831
390128
875586
14640
923572
21392
743665
673634
967001
308306
633776
315418
942751
69249
809986
166081
193084
131194
68056
982900
931648
496093
885040
289155
817028
597107
840935
373442
295735
50007
262707
190471
573058
625960
985488
958667
22641
628990
890648
427794
549787
32573
936254
131039
871447
113958
528453
104294
841057
459628
526862
832555
848640
626089
615883
102859
309218
586546
344534
348075
945398
325415
452884
762575
248800
198279
491485
301287
216296
70163
653503
634905
778586
844714
213001
771476
412555
820718
231683
859641
663104
279984
571334
160553
549286
467548
156575
757027
905280
36654
160408
681208
36904
254889
957242
695194
530853
850951
234564
668269
776774
959744
580980
652870
686724
754581
45397
57811
418564
866544
201568
33906
369152
767525
646841
42710
492179
553287
297929
640134
635773
733258
596469
931341
272470
950257
650810
493952
549263
285286
566228
318394
495821
206430
816001
910441
14764
446329
901404
482268
339178
652683
309029
137789
71101
512622
987504
654036
851302
96282
848671
894863
284710
375918
82826
140248
750507
567702
600508
329853
524400
435531
899221
200368
826270
863731
794952
695840
888656
254795
102372
423195
885057
304018
716343
249007
162060
734473
72853
907664
703954
73159
870551
553903
785839
852432
504556
675943
364440
271757
135500
462702
368403
570773
933394
95272
922778
140244
111998
961827
970726
574431
672008
994926
368739
33386
36761
65756
332817
735289
287327
735403
273348
767408
893107
765359
764329
104296
202908
496765
264357
893056
274695
817712
96441
565525
785417
843114
66056
195625
975987
549221
684308
844272
753627
218615
951452
528483
236912
41610
726975
880424
298254
497153
85269
540794
220304
219992
137207
581666
44021
693089
152830
451706
711674
543412
131613
996720
307848
569689
472036
638499
375002
83125
826003
652961
881159
827952
737569
75833
311857
202723
318555
818957
923600
574560
207807
607103
188428
611243
916031
204059
14027
49593
728790
402811
585736
236924
848649
409401
826240
912306
512967
639622
719844
202366
737390
189685
332625
966878
175516
735754
387575
759534
999274
173406
860249
692962
89809
463067
430619
896526
497300
938964
80549
686296
337723
662397
352990
150555
383402
408798
951974
473098
351840
431622
823017
947446
921153
729952
908402
436953
221095
339626
110298
372371
746262
40916
958866
285529
740936
321628
692096
48692
726104
857773
523747
890602
369359
926513
500386
608376
308977
463736
955178
558133
931922
395599
814035
81140
730895
867850
164125
808303
62946
452912
207613
69506
70469
878353
188835
241942
595660
773392
80995
952500
876502
838043
849112
56519
347477
284938
217744
804673
634488
422784
613931
172520
408043
934871
361804
453952
420116
496203
696201
165468
354739
646290
163105
503762
545499
312514
749220
500409
346700
393612
355686
646394
4569
342503
939686
559197
139365
585439
54764
383412
499981
826955
194587
471764
904565
449779
833346
901670
779095
334346
796741
231016
580527
760946
892317
719548
102956
248998
384000
223077
749344
520543
275569
368360
618726
74510
162195
534962
84660
64244
993424
942186
793418
506184
879963
756051
286144
784290
787998
74138
730374
260628
675318
496220
583086
567189
447021
801040
950805
877797
786507
215352
508846
635569
360488
518113
265383
994333
169993
454598
616009
840692
448544
231964
492247
773486
757642
520216
712544
32198
950561
395543
483714
763550
592737
843150
483925
761003
490696
59196
201442
119602
807572
357595
709714
772667
685208
650651
974449
98264
230942
59517
199683
564458
254750
309708
327587
101753
912370
589247
121029
414542
892095
927529
993430
655011
990622
145405
879933
953334
4019
614139
122772
284145
610830
993788
157636
643273
281400
587828
963911
959107
195285
233230
966857
955375
10593
872601
286645
284599
936529
195846
149052
87653
274881
335416
145636
302764
160859
874463
488510
997318
960425
459548
641609
853939
202751
647920
862725
134231
347392
217550
945773
228374
102087
579451
65433
66845
8497
573558
352520
51438
87331
228746
927700
366163
833444
328252
219460
323843
226181
656275
498306
251429
203282
950817
984304
309593
452452
211550
949602
148995
664870
896786
520593
243598
797830
49141
159905
299798
465037
60945
596439
851258
404680
937291
201817
532889
862926
88348
563976
140952
774260
234040
882659
237380
151068
746830
998645
194144
457819
515902
708799
364522
394371
513793
144976
196787
679382
731559
765394
310713
308647
885957
49997
349165
933156
721550
5511
492668
986128
231465
492275
999816
859759
693712
876021
205551
874637
689692
127211
190583
830388
917760
503983
675166
421467
696768
358121
322776
162172
151663
73503
528125
267645
676817
929828
262066
904669
407093
550730
470444
856881
841698
448077
477347
32035
240597
498306
123555
488282
737517
633011
438379
954379
670459
363106
151699
195388
82285
925075
648709
502855
845135
325377
134215
86726
265854
557054
364505
25220
204736
671218
610128
684702
923394
932097
337128
245019
894910
699621
487119
770823
178925
391358
320588
22442
308662
967994
173123
89913
414813
753242
905471
975042
354533
991942
626488
43763
969768
714390
234232
750748
527118
22139
160321
266800
927754
73112
389913
420594
852072
38720
696152
242558
957399
533454
546782
673393
446099
756844
45211
256712
507158
353442
858199
913705
446251
501358
901346
967231
393806
641208
852551
667100
4442
320889
961379
699324
239079
586611
758277
780500
992077
496021
111069
443818
819987
485748
734963
349860
930828
939349
877052
515160
88812
474788
798748
141056
404856
972485
860940
667593
360703
579900
802375
802245
442268
343574
519346
252209
792533
321343
575248
860149
280868
306164
787944
69958
4826
59886
118858
715285
498682
738383
344903
163572
657253
227307
28261
147478
977215
754112
970870
869282
335133
275535
892078
71030
950073
448471
37473
752806
537910
679240
87090
719951
263970
981950
808704
478407
352436
853190
981449
904480
298453
345446
714045
912140
532514
492006
473277
682333
766146
112244
568466
499852
29742
683062
806029
708997
926639
855150
349943
275163
63311
165846
360521
980586
395312
758372
318541
395904
356426
586107
128682
691502
858431
187891
375775
223090
971506
276067
291945
241864
501138
180514
380421
50736
478273
85204
237750
753525
787213
993201
384217
309672
121661
271508
595797
27389
923
827475
215189
111421
694775
491655
461552
118905
953106
51964
471965
744129
514025
841285
585378
768111
616554
115500
876241
181534
832905
361068
535537
599242
547511
521392
39779
96332
802929
968872
785701
382420
592007
479095
431801
784053
643703
928766
758827
959102
882800
290347
148383
606499
902717
320255
641709
358563
249514
887312
430479
23760
543441
722271
887538
487137
692102
15855
109707
236663
38157
654785
895162
930318
756097
404591
985298
750807
28945
132873
15540
208122
252897
513362
867170
472570
692114
534770
313708
729433
974232
360310
207133
671286
260712
85584
905647
638966
786000
814511
590245
642540
291813
623252
872593
198192
454392
48501
533112
548772
116424
732983
906876
326235
23967
364668
319678
791790
431628
358790
301255
5007
527066
580114
796037
313440
778086
998295
748858
924780
399045
902681
976373
448334
156970
383385
238665
574522
439780
665797
752211
280948
841473
806581
949900
539401
689322
209603
969481
834589
51816
769418
681014
945284
895853
208709
256061
182636
555148
458645
872709
434288
458148
582767
544807
259965
539386
707276
878952
553706
396400
228213
683904
838500
176316
243631
648607
972809
581421
964840
110519
963036
338816
928238
855169
13890
59055
708455
282452
59428
736862
30437
491486
808586
85628
213531
137212
282050
258605
895005
155517
805964
884544
664000
443548
353042
265065
705207
936258
245796
961950
897500
98031
250488
583636
7489
662125
114389
373278
759402
781006
563695
382753
852720
379576
333704
121088
648229
274585
352976
780574
826393
909837
443345
521303
31994
867614
562149
668582
348638
572631
898870
698153
909330
66217
195935
348032
418746
392074
536199
67990
340300
137392
602676
191570
687987
357169
393942
615180
685510
942315
343864
881494
201491
526163
568478
225063
801826
525672
947520
891059
62033
810141
881543
552372
389771
932313
329954
405231
442698
134977
313219
817585
14503
293869
5701
779715
635300
29902
601781
779641
875426
649592
922846
357955
510989
829401
420002
8265
724701
183923
186949
44863
121574
14885
216011
827725
639320
716952
29004
740428
690406
348756
848872
420653
478991
149012
344189
139822
853537
354872
801811
221711
795592
45844
711642
668294
365815
958192
400163
149350
895554
91040
435741
825508
272975
155973
349487
999159
120304
179339
593471
297152
880430
816716
39097
99206
775684
108571
566178
25242
693899
747536
407474
435956
597232
0
