173114479954
20773012194
16666829081
4640410090
76452192210
94441985160
16694598256
111457384734
291448448868
147970851642
804948747603
181924300813
704311165830
402580080540
10536952716
783769100730
223409749644
244885438425
534625710362
57874288458
750121946772
443868791444
142041434640
32081211822
509650797382
243125143650
189790318854
473808302445
348725663304
155237832
57137726415
615128602748
132355697345
155567902707
71220340110
107503106392
10114105248
314311189669
287424561650
5726576310
702312850465
796573904
72134243442
34495029930
104164457986
108911659780
316279586329
38609346135
182018629668
922665896820
85573329056
28158624805
30017571722
7390567760
10148921970
144433134592
7389873072
146770650396
3256434538
33436636218
295417560090
257475984898
11332910745
315128525530
55180781460
281777026014
67733683836
34210645105
25290813328
126498982776
784611540
89832528618
80228660900
141935472276
435186948675
405103349630
31186223376
188125264098
118914183090
820040867249
16401232000
91670533266
117037539115
24331390771
198381782984
81784653492
5139646798
458962164043
171185246324
32545569550
75877477704
107502967976
576416674686
297016908321
81590625200
140655695508
68562828676
425173262775
324204891912
24167506703
171380202760
236402264670
52133892092
240852365350
301331357252
478152206324
92369647104
593407817244
79979887272
92668576812
11523917724
151447319576
12917553222
153693166046
117345561139
826130155241
72232546700
114916162760
373017201868
210017571338
33999824533
477384039819
23210587813
21753292360
302939671960
5376997647
398844448620
430019926960
772608507229
255294606073
596537324943
630847793730
57781825725
479124459534
49454972400
140850128320
181017917465
61171391730
93102709540
3921514656
184114179552
136065725655
174382456310
697227980020
70813099130
158725611594
47487277896
432586052930
486928183146
553287543966
10701664512
97997164833
71220336748
207420340270
16303959
85227716292
113465308418
473898396915
131634201402
49006152
469170254174
142362274804
198792780490
126872821310
75325936830
54719857296
90403899500
73314530475
388134718366
83265933172
1034721584
312237949044
64624706370
6961068444
853916430
25046282709
435140317784
218572334019
305164498881
180643131968
523427045230
402111594368
422661389985
241487746910
236145219484
9440672141
27045129600
233855338298
481744140934
308953229451
31313268338
225316436660
378384115893
26312043408
190290647432
170288520234
53401136956
85645313770
212999549334
93522725034
513803801667
23251080148
85310894658
35367865940
200602428594
340923769912
70452332412
298723994245
226292289822
686492930098
39997077796
75603846752
27420838935
566565718236
381538334479
376859136168
134803593320
7236486754
61051076210
56961391520
190463953917
172432875097
74279931194
210901622672
69109213668
16104172374
682577981700
60898501248
58180086477
31181780032
603286488317
289503351477
48952789380
468305967714
460288924
200842227450
105601984476
58497619167
11845935936
365867343540
532564343610
474373068159
183685321665
137767171190
40169793884
681783535158
241829021210
20546828687
90873958350
4379298480
188211657163
8115471400
439541090571
568800827560
10464024180
533026138035
6791096235
861244537619
94646890646
407280931918
838432520422
143031170898
359595574149
32006738800
18408218360
33722760288
101056339622
14767141578
39351417262
124703893512
314724575165
410101323864
55363596420
37772122320
51928654927
416678046701
79039623720
328241198917
123987515820
43164037290
382236001626
199508836704
69871867140
292799586327
169237188080
25422760928
104578596720
158558969700
49002898290
36447411618
554296470398
33710599396
191825008200
100495582566
415280756649
134928721778
21266268504
84310367196
42258330048
120539242890
505616404548
16614429552
4988422145
653382448567
38365560310
815088280956
102009889724
230336301456
33991485620
175987894112
396613099610
18484413157
55636026020
257452459155
287740032391
95451618876
13867409304
411720806146
11073624880
123967735613
32211124956
25822977801
100062897339
49433402587
821944735038
187779725448
350419624554
154859597034
297356292948
433291724710
108294542224
81969732585
15627048909
18334241356
170791360438
6618235754
770119403216
780189902724
9320945274
886455873590
29074621059
298636171740
811981717494
63365499168
40298905710
62655410864
679111848074
370059890026
38556049700
151557266754
120219234894
183974030959
107645150187
46154565560
87607462446
22516850310
145923237880
320043574836
2741270335
25901355822
31486617106
75845410102
17501173824
177755631375
337549048270
96253848152
391563047382
291248468964
512475234111
276893924246
36687060993
101078956650
191972383045
920128693401
62591978730
675154369589
153159676570
223823891191
93429739248
36378297231
70061832300
15975321068
104972157855
48528274004
100375220785
410282053605
414716960648
706675264
201678099630
374652902799
538402113992
22246768390
758207944880
18747930204
143361302755
211730324256
222998767679
296638067892
35450520183
6223214316
150729862434
112249870608
65818000875
34510916079
406234578211
636262728697
55356257140
29478134474
87454266375
231665974155
38528396397
68540919968
217739669784
164313451971
2290795902
65764385115
16552349244
405021977030
520593548015
74763125775
153791806280
256106526498
136188450465
168977400389
430197768
338360404341
900581593590
39230847344
6846958020
5927433450
244358599454
177952776750
920123072782
635085305657
12226777200
629442873752
436522709612
76909382122
107012313
61643736672
97723046124
257107894969
8646030960
644296571820
23110970400
35689821216
90408693648
6246013032
317514359833
8035833624
176527043380
170713232771
87131318748
109039939155
11105109120
90677947068
46035534909
23953768308
94453169838
5657708875
70601425014
62530471926
361529414043
47936384664
41787535428
4083298182
22939952798
59567190920
37633181860
38130540409
10114916646
286216883581
191801127398
657847550724
32040836012
22949939640
44906471532
255568924254
217100412920
596268144737
87013519450
118971697000
62910101466
92646008223
112874767224
213366408918
89157646840
695196096529
475595445446
132288025900
192802671370
94615559241
608631788020
13095828174
171909900
61453040640
8292830550
310013874105
260876879046
35763768150
69844984396
824967840
398982519924
202077374490
379261407508
421592059112
779189804988
73095351180
43559002403
70541727930
185309330511
55541063187
80272087808
279650348132
80545498488
344047252046
367797167084
370443316677
106235444487
329888938538
90646730328
617564655534
371950509099
16416929522
20303764378
117313847742
168502246586
26265683808
769167968086
182725979085
546100502144
14193401625
199844061272
65159134090
35142003918
416956763370
105003642015
1412212984
264406836975
1527313320
294346979563
60655301168
541872450136
117928161066
45555377295
85965029150
30647695176
440234231801
253825057629
2729419924
132574519040
43631078424
168829037454
271732456118
78897748338
46089052635
1047717013
325069918602
265814979064
148195296330
1479189000
10967874684
9188713422
21742100424
90203025213
131917168340
19344276450
277263467402
43573809445
276977565195
339772564334
20756743748
193153850086
85551476228
128954062632
108042223903
16487955988
509669070996
347709030273
316607518510
70390584084
3267450960
25312144752
174222922383
651984450975
401153426695
22637620491
466999349586
35185187956
366319722285
111099149147
2700395360
59470300725
546621389420
25273631889
212075843890
286703355450
55758098772
661560125172
344065796753
105036150778
138958327760
119697604461
578305772352
466060703475
86327758272
8820978716
400733914326
96959649816
59319095688
145369590531
84053196366
241409759883
89089090758
37768214757
65619799062
89688989558
25488843682
116246685720
113123679435
312351658533
68971066806
42202348592
26227666584
13944244197
93316288310
713670298
653002683852
37983051630
598354149386
15658690152
49508052444
192736921060
7509032412
119333691462
263408616218
266216974520
49089535299
849101960038
7234862976
33816882808
675505195690
281043611313
689693836139
68358509940
3568123300
122215232776
465270847059
68025219006
12044419352
51749540334
348173094558
129614785686
19318125164
92904138252
67898530530
16538908680
495164534821
388051892498
50866692590
344368695140
77099947575
26585137810
7383125025
251263110211
161172031892
8800735344
91788071700
66118853021
1098941665
2924910054
54414499572
98385494730
8264398090
602937580
182156635236
478151340192
442672411972
346784840496
17700133764
39289110927
389103859908
197199117780
70040939436
204647891304
264960328275
229959610834
330291382668
146519337724
6132948662
1649234601
46581807729
305435726421
168326731812
87455146059
336326765802
53566828916
299209571200
81672765064
204502550260
2545697616
484139230415
82228207947
80464780604
46161032568
104274585720
1414258811
300496108857
5878662480
479112020924
324435466614
392742100224
604568593488
232572176028
62913266176
77123117376
28581165480
466848046634
51139903782
1730938746
228193137032
71579926854
4889164554
13500582488
46863314090
378528752246
109071422610
304961226270
238470925490
415782488916
69457858848
65437426048
111924190509
467720479812
214873021454
25403834456
532626044177
24631356690
122293210655
6141828462
19820806448
650343871590
196064521624
1683299280
3933822726
305754509557
368760902664
13300964040
92907629317
43503323628
686193028228
102760818996
214142133324
478489301843
2372628750
28637633112
37222555644
801214354941
96079413251
137606071713
79698902190
187536599064
115817703012
7455506435
81187262505
47804093262
1294387548
380046305912
6349421316
203618581054
188479951714
583255872918
134332350602
144800905334
366837256848
234424115291
299060331272
8107242436
57893013684
307814721990
661634106060
182547312324
17917232690
85045838460
43238774100
40664854285
110614641683
277350586692
48590733000
298075011819
124708474786
46025412380
43819970208
233723754921
65775253653
630827757898
152067373472
269413212904
219015637251
3472777392
72397017000
78585301704
25404737985
433630139202
378859248108
85840957950
278557107790
190195792810
197511334150
10320757547
69868397732
106832095055
94604944071
125466798030
185031197274
25548004200
20042588825
5398058688
75118234730
11560432055
142398828082
139608690
278070311498
60029743683
31651146990
319525441540
220515155784
192634416114
117609050244
89969995161
675444968962
160475537706
17150102064
120378712428
631822745930
368883715029
338125032630
204738610340
9655311282
6966900468
60446669349
9261773325
4128622146
30015755400
65358153090
222898385904
772033733772
149918346809
246448027390
224590062236
15846169024
179772499929
21873202269
39694779284
109312530100
172119432966
81295262724
10476217413
282510580176
257922899150
314479181268
586025399930
25618940352
343377849500
499499468409
12991626914
78115965471
214727451148
29972922190
79768416126
198728442388
14641379302
7355520609
2256729435
336302373820
7543190496
13608410930
48859843417
477228020126
19699132875
224327839866
386251124430
6901230920
53082755194
40554518580
218909118904
761221928991
161513845296
4412160150
125719682132
33146575876
20874408463
139749136764
10018393812
6433632150
448899463218
225051081090
484240257448
236832434154
312820027758
10319936662
94349178114
216232995936
491371512359
84208716780
2569876480
89488074792
17698732191
48501237708
76798889076
479935503358
335567648682
582772705086
219849568040
528830548370
25223488312
70532872709
40496252272
354282252576
531352354996
99625288060
2537787336
341634781104
131345903728
39767786030
122663282000
98544381642
402076789221
124995935946
146581598289
43922081160
885250452670
138048432810
60034859950
525275684191
398188049520
121212291540
93963026760
61020615354
472658939280
56110798188
85255033220
35366292378
85205622510
801101239120
416155130324
294027993546
2022871554
607197996687
45064000308
151492105524
683585143262
121349334402
388287315798
290244440465
695908692225
1177941612
347338153812
78624754572
120317197349
47383772421
734278453200
8899618257
39967624920
82710068210
87997406672
3745085112
60915846684
513446150180
73245297060
339775164681
148626415134
15237042164
58812704405
172868156670
42931299670
45355035181
1695589924
32773628804
166889064672
51856845439
328957375803
91291285029
120488356870
103843742106
771714206307
126336887110
393841629152
