988
392834 440681
138318 450549
26803 621827
66098 70205
801705 476810
939768 200990
769762 43376
236554 942342
384268 758451
304022 973422
906961 887523
689831 263723
996995 706434
984159 409060
225062 93636
844435 928158
739476 906357
386819 633075
798929 669178
892213 64866
837804 895343
509548 871103
420430 675696
632778 50699
713378 714419
786431 309150
900513 632274
969645 488641
413304 843751
247194 38936
777945 514129
902737 681404
181595 728851
167573 928359
499855 712410
257347 417736
99424 101727
631747 497527
482150 596131
98410 756483
901447 779095
492016 521318
768522 563166
527689 65370
309434 673258
365218 596420
617267 512387
515513 74895
626124 581414
955865 965268
911392 187786
41009 686645
102587 292606
42704 173065
22814 889710
621568 232369
46512 635524
164924 889929
314753 10346
899342 37179
384315 768686
480842 535469
64935 174527
429793 733210
784665 632916
922338 611006
172218 786604
67795 504619
746416 542128
685992 553209
405484 518580
403294 222747
253327 316700
579319 245004
520761 835675
423122 957415
62832 496343
557542 674838
616810 963945
877339 934691
190712 688000
123461 742506
130319 898085
66877 363823
252659 785176
972446 168204
590018 191642
545177 841859
419866 815428
442550 735410
117288 646933
939112 457892
806158 715017
375627 790723
842800 387236
606204 928108
227036 603982
778325 546267
630739 514008
31939 756677
932920 734812
623942 378885
227156 229507
667525 360814
519364 580193
673804 709631
863744 213882
856867 692532
643976 993576
302988 305849
139628 330132
230104 658169
61689 628194
177382 866453
676667 173417
945401 873841
205300 351839
842741 136360
959831 388628
618166 339743
531073 64021
571149 835831
957493 24241
876760 496220
950930 637144
138429 38843
823380 968798
670147 641680
947011 815839
546701 466973
649723 918141
870387 724790
184025 313989
679038 705593
902463 164400
824384 683420
703045 257477
582990 104927
667580 557852
80796 582432
928608 198269
148019 919245
689177 253030
947089 736180
623470 113579
576861 825462
50759 935544
603205 717146
518493 939122
658678 839997
360192 118844
186423 525671
307012 463958
288035 720122
137 119007
291329 292548
527974 214907
494145 959027
681714 579279
533 91944
955694 490921
292906 972068
397970 499517
464642 273055
223539 336970
125424 436279
856909 105500
97775 749829
463667 837098
397918 418508
719056 1439
570332 547467
364761 531510
151932 91634
712785 68286
858661 29169
804152 541117
785161 278379
383889 794929
233536 773513
726415 720562
843392 476779
723355 584307
457979 527290
460036 513319
295381 31961
816580 662400
666433 350906
591659 814226
473079 653069
40619 770902
998420 451346
449151 842443
699342 225744
484024 393143
800913 637854
486757 109708
863099 99230
608478 350053
393969 237386
849837 604591
751708 61862
371866 229413
151556 233365
926994 649203
367879 926728
730803 289212
860021 347345
897654 756279
973067 705494
628154 127348
351947 214816
316905 259581
614964 921299
518153 736343
457571 823608
784289 171880
343238 42166
310405 983410
792760 574816
542081 351357
651007 264871
326174 227731
551902 764272
226068 305701
44246 363969
872332 782475
301184 808788
242511 719721
135616 459854
711761 847597
982503 883977
322132 607860
596199 785486
584123 207244
260851 769950
523308 807188
841971 208431
918432 412736
455265 803636
707722 752505
593283 799573
198945 923297
304645 452222
161612 994228
783282 870419
322345 750218
499279 41153
421050 647481
150740 581040
317741 592343
106888 75925
807367 544413
776504 732515
75884 137895
724755 735457
74445 91223
920677 935447
670318 282394
927086 878626
847763 988994
857054 166887
605703 593683
629744 203300
261128 493465
849504 79394
761362 265462
911946 113351
174854 450106
254369 490248
558455 563563
786824 521211
530130 208868
309392 244170
422951 122777
549647 758083
915160 690936
803353 408589
978460 887019
366558 235510
478641 798586
681888 292583
758364 184270
868303 337209
651614 519440
236482 215008
503285 207792
348692 454725
931083 157890
440857 82674
819071 676738
252796 133351
644175 297784
424374 236809
815903 508983
988909 136442
117416 181119
300007 281028
535872 473154
533865 677358
582913 867396
725616 22897
332185 525595
823243 793669
620270 865942
893843 911892
987884 206522
488713 471312
154412 220135
379402 927712
907970 873626
43057 429301
490531 113420
324937 792315
526897 546103
305453 312492
17253 803768
843583 488062
547928 161680
133697 927229
526446 122372
180627 142963
105887 944997
343433 143939
954531 861098
498792 376469
609594 574841
991806 156139
726869 409092
577499 750290
933284 464144
294255 835701
213949 73041
264961 69196
481318 709682
130442 50737
884479 870704
866028 900883
34191 272614
973970 910147
421353 621027
743653 401580
878138 924663
732583 86496
326130 370701
426352 146957
902093 752818
436483 847822
172925 222964
625293 727134
181814 661221
387641 474599
253269 425023
125618 734840
113134 774369
635190 212694
204785 712568
461844 692969
841655 3257
46082 562071
816943 732298
282653 268334
861024 650432
228221 778875
543002 621635
671348 573496
422461 926862
383076 760289
573093 894227
583034 474919
862961 467643
398027 253950
267695 717131
936841 982161
221541 282530
717281 941269
907070 844255
277429 806779
114448 816351
506161 71871
232262 603300
385868 579614
233903 448785
352093 137828
102305 981137
422935 970083
972619 426392
6499 108736
662295 304514
454937 823527
900472 597911
136090 326942
900245 842224
150924 372663
467665 306547
689011 307296
298807 746297
370729 800148
618111 516177
812218 168564
811711 185694
266718 841712
416625 157979
393363 263199
425117 955583
959639 663023
312035 177404
119423 246838
343463 254625
808311 859815
562713 205407
130199 526432
576287 377832
688221 238751
405666 525171
827277 238485
272754 121372
487394 830995
605335 860009
334575 223457
914165 168232
609943 419886
910235 149619
729253 231713
620776 176022
538313 628557
954970 943047
316784 495364
96180 498323
26175 679362
482059 506906
491243 362250
937966 980977
705463 900239
81520 749925
696971 903112
624404 699103
278638 552038
9747 10979
148576 829794
842956 231858
381847 673327
188745 687120
859540 749583
179433 128800
674016 741314
902832 100139
86184 72473
333479 952127
593138 189672
184945 954484
955579 178649
216492 804938
248815 438237
771456 604590
200516 904446
422023 109083
261684 91537
711769 132702
231125 611975
906611 77874
567958 220194
926787 390089
525336 364996
840018 298476
55782 146402
426766 53753
206035 289112
89267 421580
137839 276631
395222 25593
507109 564409
203278 943541
713076 922549
305023 105044
164616 278830
192004 935532
852789 299686
225464 962905
855823 696719
157025 554138
689000 345346
635706 890649
446631 207433
747228 604232
535873 398166
654152 136295
996887 697367
602323 789602
342700 386017
802415 240278
159873 591817
850705 715444
159951 81874
76100 22590
144609 424960
67850 122223
416715 743947
879466 296631
420874 84975
548251 127396
904570 31008
472587 844252
862830 234203
430412 881159
921263 457624
809436 962633
741460 394332
73423 593261
565755 374058
894363 207197
456801 364761
240896 666446
699236 399937
321426 501176
729682 471503
828068 444163
772077 479801
878291 120957
705598 467531
692076 523912
655378 942303
842491 441489
20629 795818
25073 809786
422474 277683
554353 303962
86373 304096
848183 906842
242437 753705
623653 875648
373265 190125
954028 837896
90094 723235
129171 816174
610778 682665
456615 229961
223912 655928
270975 975761
139672 863865
400171 735553
614866 197296
630137 859928
977343 120662
383395 594105
211525 406406
350616 524466
693469 634829
271973 933273
854546 491876
567040 467602
58584 744761
349041 483694
346438 784361
810846 194606
758705 60747
487537 2149
624167 520806
424552 626107
397381 372930
3000 986126
174837 815516
17311 530802
262152 912307
269829 334297
470060 280639
129550 298638
538634 514753
49471 880795
665215 416373
853642 398027
490228 42341
224503 860362
501148 170711
370481 348072
252809 427367
844843 19516
872364 584239
523629 664037
555559 569890
412287 170732
345360 227064
752688 302661
226117 770499
928323 702325
741031 541345
667127 33933
572341 815946
793138 88724
679365 539209
284809 390083
172384 125320
738991 885225
779707 701060
782199 290799
640142 331295
995975 287862
330579 506004
816987 809756
781277 440389
206323 509086
166355 835312
143963 831447
777159 744128
722325 645223
148407 581696
27556 320111
748831 535146
797943 364536
431352 275038
248817 584243
677073 124142
773841 311963
640201 139158
902531 41847
79462 825801
152194 589307
53974 944486
323880 717838
623295 907465
884691 353063
81797 843198
366518 230288
549144 47761
693433 20109
121142 770305
613646 2326
856452 762451
116370 326399
846853 706562
300251 52152
293428 168723
419620 459313
930372 8071
914834 260886
790834 666154
711970 747832
595971 741321
861554 985547
282656 819072
550952 245516
878410 769009
395011 711483
699259 986321
262140 521542
811675 21980
668504 365638
742683 626473
938253 217506
37298 645848
136718 378513
971186 358503
690741 187646
192838 200356
470732 789444
188810 359613
79929 620760
690503 717107
726659 534022
370762 960365
883205 389908
103775 742953
994990 774851
127791 173325
264113 951347
201587 799516
113104 155622
755924 485700
76609 863069
817057 25555
45306 129118
648108 503754
903390 544535
164482 100490
949508 4445
649092 841899
576288 829709
970726 912044
671248 516627
80772 876548
229317 513993
916956 424343
520140 379127
509548 549828
856056 717177
400681 661275
742766 619198
529113 624236
541517 270572
271694 767482
109431 949473
68799 677071
603393 506197
183684 916393
486963 538779
518701 648402
371324 288518
543104 550925
332533 245608
412046 992620
57552 265398
702385 689279
648861 126727
627812 128167
627384 220731
178687 583560
30611 46201
752269 399453
205404 343440
498956 960229
573322 565887
476928 823483
694217 870864
298548 779011
728576 172702
223758 689344
146811 194680
601358 776323
415802 245982
6563 263742
358357 636776
95594 748791
843978 34758
285316 189272
99685 470114
477842 792163
847947 385890
483855 630274
823970 289417
789003 526972
190368 364861
481664 543428
902127 124067
685779 682028
560378 766886
327272 77623
983447 541591
178146 414795
287441 425455
346038 869701
67024 295727
988330 658023
506983 386728
127920 684268
783162 45207
362201 844157
763082 966504
287160 185276
308447 301211
197844 879548
810961 846148
116873 879252
689842 620844
479867 997129
166875 213270
345144 663784
206226 360988
966953 828597
306197 313783
649781 211773
388614 205085
514611 364424
476722 485892
8905 837227
898815 270981
404198 236538
179826 590236
961624 790426
9051 701516
506954 401651
268766 701279
917662 635589
245342 547531
346147 418322
503687 728304
595891 393401
621304 962686
26476 306211
861516 806388
609865 504726
794436 832835
290204 629031
855442 20945
280874 605580
524100 412505
241571 168335
949963 815087
844348 328479
585960 414625
339883 876993
173362 719353
111742 823780
619206 990752
795929 293649
240267 821277
954826 660673
348704 872186
614218 877256
565349 387399
931539 548016
259875 278584
767832 307041
48281 526185
759078 571259
920484 411587
927509 92550
598282 931190
747434 254465
805922 490150
368717 27991
147044 950306
676705 157871
365961 258511
900165 418146
242654 762531
777575 624264
145579 963725
13376 403563
601018 249970
449455 128605
451654 315283
15990 715942
903938 615242
968331 805909
380610 415795
970780 329143
777546 567208
408867 471142
727986 323108
110241 816121
966898 698569
351802 456153
872912 78588
864684 417651
786211 803630
812589 453961
783170 863478
898465 227876
516686 710106
596277 11684
139929 431981
14427 641975
343794 792594
354210 847400
562511 116190
968496 690447
822997 938076
770143 194663
793670 621034
528818 849404
220871 502208
953139 188611
27021 809489
489322 162244
731300 298954
472251 364466
144924 560951
41949 749211
362384 779589
958643 269050
950292 661858
833737 702890
616314 249408
869036 395125
565889 882681
817958 15883
580059 134669
969236 443086
803930 74566
175718 907914
587318 676732
82291 177922
621821 11829
430263 47205
781655 430244
19434 776288
76085 894290
255997 190861
956758 997594
497139 39625
453878 988494
582234 663395
311315 110840
298918 177583
140380 288891
576424 379771
919929 827479
372144 434009
805874 251850
245564 511963
75133 441172
996059 20957
918182 304404
82338 730044
68189 94350
513866 873573
409495 549582
614437 788104
382498 619173
787131 397418
291466 495698
400773 235418
621536 347901
557893 880763
437357 192540
924416 711680
271987 329016
43353 408247
930908 104202
697164 440636
614018 781631
589379 569358
741914 785499
604888 726910
641341 824570
862312 29251
394901 178609
116816 346667
725024 977298
641671 828076
266020 749006
294168 25881
790256 432309
959738 273712
814730 683354
909965 674000
248122 794322
646003 622407
568626 439642
280777 522057
561240 626072
917185 965182
501810 550202
301342 398450
566893 926587
825226 965040
691338 350660
714135 394728
337894 180591
694224 680845
115812 968998
428540 795772
83833 421866
486639 525270
887635 902512
915788 908846
696871 421926
733722 16542
987733 614739
348162 258868
353851 428124
726691 940682
894867 406818
490706 791283
616585 470729
866609 803025
11294 208596
979626 709124
470002 334572
162697 739517
398193 356991
991475 740592
9693 918149
177735 224872
438515 943070
792848 443956
194813 19224
946148 64383
624755 821836
766044 191230
446223 761447
362799 409666
22124 688711
465965 631085
201498 857915
45398 945665
459073 98797
425173 3988
870574 75292
839516 795168
203839 254401
930333 353591
183527 497427
983458 122515
439647 236198
876937 880011
306602 824110
812512 969442
