462
353
646
619
343
794
395
992
246
177
777
134
585
122
5
247
440
932
340
400
690
438
150
720
675
470
628
779
603
128
338
39
800
335
704
578
339
627
90
478
200
951
655
130
605
351
991
807
689
262
492
290
823
253
390
356
930
159
215
413
377
393
633
576
611
632
32
297
473
224
324
953
531
110
954
732
405
234
915
328
357
7
873
923
620
230
983
33
435
383
117
584
924
175
540
288
145
240
250
758
344
886
840
363
132
598
329
9
725
765
904
426
326
730
996
903
225
608
709
261
355
431
759
57
862
519
684
748
299
967
151
199
739
891
648
747
803
236
897
468
154
420
148
197
81
477
594
143
861
378
761
30
978
163
537
306
796
900
220
928
750
155
105
59
501
625
715
248
31
883
370
51
841
656
95
387
267
203
227
815
207
652
382
183
368
506
551
427
309
775
251
218
661
667
425
752
830
856
679
910
