494
569
230
472
190
343
310
24
131
368
251
202
370
86
228
366
1064
179
37
576
14
719
10
120
373
103
56
60
93
802
764
145
761
738
154
139
318
120
7
106
132
392
32
30
286
2
158
297
930
538
120
24
21
83
156
185
84
72
28
93
184
347
800
-4
741
254
2
90
246
286
646
157
66
111
75
153
150
21
270
19
604
33
768
282
13
676
885
278
1215
41
105
485
29
395
73
10
65
120
669
4
430
116
63
75
9
27
264
49
243
123
35
9
34
752
332
88
1040
295
118
29
153
821
34
211
402
74
533
544
76
697
419
505
403
296
8
102
399
627
366
505
61
773
136
239
543
240
96
46
115
83
27
52
40
85
329
7
12
260
340
155
531
523
902
850
556
262
733
836
352
253
1102
406
260
399
221
94
263
401
31
502
435
96
45
1
713
533
283
226
195
105
473
2
528
13
556
251
1058
1166
26
533
167
977
239
274
706
96
49
32
280
10
313
468
565
737
66
483
33
212
450
26
939
678
231
495
807
871
540
48
21
14
266
528
172
275
337
63
216
218
235
205
78
271
862
14
5
172
265
441
752
398
37
92
71
266
352
42
171
333
229
330
105
90
42
81
237
553
306
335
169
475
869
141
262
561
718
125
96
343
20
19
510
463
348
558
482
13
32
411
862
48
138
562
321
1
221
643
33
5
40
41
16
190
5
542
327
294
658
99
137
395
49
366
209
70
2
613
572
4
86
79
116
846
6
196
315
984
239
101
68
159
17
672
51
659
406
115
27
741
620
179
28
91
6
205
271
42
684
256
515
136
693
15
369
511
25
66
4
847
133
15
293
65
628
828
46
231
292
275
231
250
746
28
22
126
429
624
284
2
103
185
114
453
846
639
129
844
641
249
88
274
123
101
153
30
44
438
229
33
207
188
76
72
147
-4
241
188
250
366
158
67
582
112
839
29
2
527
469
13
315
29
804
149
312
385
13
7
298
41
59
261
520
135
291
228
894
72
44
546
147
121
495
29
483
444
503
41
406
22
150
205
661
14
149
612
562
903
199
374
419
9
678
34
138
831
23
62
456
314
333
157
205
411
110
225
154
153
25
100
1095
196
100
357
474
680
11
620
734
211
23
138
21
483
385
2
390
505
427
259
32
52
88
156
23
45
762
156
742
256
277
340
458
141
52
886
350
189
331
554
54
67
107
543
32
49
257
132
971
727
686
23
615
130
309
221
841
229
170
592
193
37
398
286
234
705
198
166
517
916
156
192
177
88
7
168
553
40
361
209
139
412
208
543
54
555
488
73
74
126
273
22
343
26
114
875
496
67
294
58
362
345
18
5
86
235
293
307
305
76
308
596
0
36
174
166
263
137
439
71
194
331
261
539
119
295
148
171
758
47
145
45
198
721
184
232
317
312
204
212
831
25
790
225
102
852
45
97
507
27
29
241
81
559
19
541
68
169
176
196
129
128
481
654
661
101
345
575
432
55
452
254
442
86
124
189
439
282
414
279
177
130
112
315
491
137
363
402
532
19
311
2
179
58
330
91
152
65
124
102
579
427
503
72
349
670
430
833
57
154
264
426
1
232
518
209
85
136
87
432
141
371
0
172
70
492
338
123
974
906
204
51
15
215
614
135
0
10
30
540
107
169
526
456
644
2
319
58
570
133
600
368
928
69
286
401
970
410
54
168
164
116
212
0
604
95
36
227
147
45
77
51
7
739
709
125
75
203
270
666
493
138
657
80
130
392
75
109
148
411
220
282
79
126
169
10
771
240
40
167
774
178
242
146
326
469
590
50
391
48
233
346
443
405
578
456
55
5
51
259
100
574
73
152
24
141
160
23
395
29
22
594
100
275
257
45
751
128
42
813
818
307
19
1
616
613
107
5
347
414
4
351
252
49
6
56
574
19
168
133
280
87
267
21
156
10
175
2
199
251
2
374
649
398
13
16
8
317
104
43
571
363
55
154
754
615
43
78
741
142
79
821
11
229
21
328
595
467
145
32
975
1016
41
50
558
295
36
334
77
196
502
413
5
15
108
653
471
282
61
316
620
90
155
92
36
23
310
245
107
588
31
191
29
442
445
125
193
57
178
187
36
318
314
157
555
299
330
136
998
245
316
205
0
179
479
507
982
279
695
63
716
83
999
589
206
1086
302
200
251
536
78
545
625
56
408
94
20
543
457
817
243
58
1074
854
146
242
1092
118
550
252
265
731
455
8
320
27
67
508
189
7
104
402
733
318
300
0
236
218
275
428
