988
635 4486
4761 9812
7138 9235
2367 6320
3194 4786
4271 7275
7189 9967
9036 9251
6801 7989
3828 6996
7582 9835
7834 9653
4311 7571
1864 2532
2666 4522
6239 9506
496 9360
6166 7752
8673 8973
121 4462
7827 7948
934 6825
8697 8761
8162 9238
6051 9400
2215 3019
9367 9846
8751 9309
8653 9460
2186 9106
2742 9415
2265 3420
2724 9350
1600 7825
7196 8624
7952 9238
4035 6801
6193 7233
9109 9169
8193 9153
6627 7805
3757 7147
7099 7432
7901 8186
7119 9717
8938 8961
8123 9526
6897 9564
735 8511
4873 9636
8841 9908
9002 9215
9118 9310
8287 9013
1372 2558
8307 9954
7021 7794
1562 2112
9733 9966
8321 9174
1441 2841
1227 3944
2616 9529
9982 9996
2811 9286
6155 8444
9809 9823
9028 9821
7593 9823
6797 9396
3265 8887
3215 4511
9006 9600
7314 8312
5184 5836
8467 9817
6557 7884
7568 7730
7348 9774
1450 1578
2959 8219
532 749
40 5943
4685 7158
9672 9783
3373 9306
1794 9407
3927 6317
19 9917
7543 7897
8962 9878
2500 6589
6949 7207
4301 7762
2553 3165
8366 8457
8716 9293
5573 6620
1701 7340
9935 9999
2664 6276
5387 6339
7512 8074
4640 5295
101 140
9451 9710
5036 7386
3429 3818
487 2253
7471 8575
5743 6065
7231 7322
9568 9864
562 6615
4645 7559
3499 4215
20 8372
5329 7924
4517 5521
9474 9756
5192 6534
2215 9304
9647 9936
6918 8837
4927 8468
7864 8553
1124 5469
1899 6418
9152 9811
630 6245
2588 6091
1987 6193
3773 7255
4219 6785
9647 9730
7621 8592
6129 9707
1310 6487
2119 5145
3846 8272
5270 5787
150 6214
2451 3567
6868 9033
678 4985
6894 9065
9048 9894
2212 2577
3300 4222
9234 9955
8250 8525
9407 9853
4647 4988
608 1199
5224 8134
7919 7983
4611 4705
3580 5795
4980 7966
3109 4379
1828 6250
721 4862
1673 9419
2424 9814
695 5099
7557 9891
2731 9127
33 6557
6342 9501
6838 9148
338 9444
3390 6866
3887 6124
3471 6890
4096 6011
6228 7028
6603 8998
1309 4536
9317 9559
498 4367
1030 4466
8734 9594
9507 9910
6881 6898
695 6452
1685 6108
4762 7229
3496 5416
3857 5522
6368 7333
1808 5715
9965 9994
1050 5321
7809 7919
3647 8544
4818 6999
694 9567
11 9455
9229 9453
4932 9647
6320 7827
23 7759
294 1995
5557 7965
3584 9797
1506 2252
9252 9685
9716 9979
6730 9257
9877 9971
5580 8384
3766 7845
4563 9572
2722 9154
9404 9992
1764 5763
9050 9349
1493 3175
1411 5021
9253 9463
1561 9612
2245 8057
2718 4645
4243 8643
1862 8751
2007 9485
4600 9400
4890 5298
3970 4142
6021 6132
6801 9206
1365 5663
7711 9284
6748 9230
4947 7906
2738 3294
5158 7022
6222 8204
5056 7119
7214 9073
8890 9604
6481 8936
831 8003
8674 8762
3988 4017
5941 7522
6193 8585
5207 9144
3130 9700
2501 5835
9400 9722
8418 9222
9175 9799
5588 7939
2967 5938
9615 9968
1965 3324
4259 7165
4535 6544
5138 8086
7479 8402
7943 8764
7774 8188
7186 7904
7701 9847
3501 8301
4443 7082
2880 5711
7190 8730
4239 8437
1061 8353
2446 3593
2345 4491
4553 9514
2681 8873
8441 9535
7015 7902
2812 5711
692 836
8008 8174
4815 9354
5028 9179
6594 9735
3465 8316
2550 6635
9601 9706
6492 6792
4151 7735
505 7558
9346 9775
2607 3699
1567 6215
6817 9712
8973 9000
1646 3419
3241 8836
9695 9991
4251 4282
8316 8694
6915 7298
9806 9932
7246 8983
9921 9953
3304 7988
6649 9557
1618 3986
1923 7512
7479 8342
8103 9341
1647 4900
6817 7240
4263 7515
5546 7425
3972 4569
9933 9957
4524 9969
4393 9445
8423 8443
3397 4095
8871 9605
7046 8143
800 7786
8072 8111
7999 9755
3781 6484
476 8638
5278 7371
75 673
8618 9200
7768 9233
9121 9259
2765 8627
9231 9688
1919 7520
2658 6055
8887 9903
9639 9862
602 6579
3790 9247
5508 7066
7066 7341
6133 6933
3741 3800
6621 8506
6806 9263
9159 9505
1880 7673
6456 8780
2116 6404
1541 2597
3132 9183
9404 9519
970 3843
4685 9236
8129 8368
8929 9489
2416 2443
975 8042
4253 5418
9508 9650
3214 5682
8556 9128
3726 9274
2351 9495
5864 6282
6720 8819
2440 4884
1444 3596
2928 4898
5350 7547
3167 9673
9535 9802
6208 6366
7805 8955
6115 9948
884 5921
7232 9802
5945 5981
7023 7974
5472 7059
5717 6716
4598 8635
2281 9588
1104 6333
1362 2343
1111 8220
2121 7561
7389 9620
1923 2624
6535 9002
6515 7591
2056 2833
7306 8697
1559 1779
3761 4111
2300 5951
6788 8842
9654 9931
885 2426
7971 9677
7573 8265
5581 6212
8045 9367
9993 9997
7121 9313
2737 4281
7612 9864
6164 9438
2526 3794
143 556
4673 9834
5678 6670
390 7170
8677 8909
9952 9985
2636 7095
2496 6431
9546 9678
3928 6672
8983 9240
2345 9300
7677 9029
6901 9732
3759 7064
9613 9719
9327 9393
1072 3400
9150 9477
9184 9709
6495 8851
3536 8075
2178 3269
5339 7884
7225 9296
859 8307
7512 8147
6125 6517
2059 6645
8573 9841
8291 9384
4095 8469
9540 9815
4174 8446
4451 8373
2048 6254
8681 9013
6043 9662
8661 8823
5219 6521
6281 8145
2104 7710
9855 9992
5337 6620
381 5163
1360 5938
383 7709
7877 9672
2301 5426
5255 8998
9893 9981
3881 9855
7949 8272
8331 9552
1208 8203
9779 9969
8458 9008
2594 6400
2129 4687
198 2595
3110 4409
907 2419
1423 4701
7001 8034
7286 9325
7723 9150
7210 8623
9695 9904
5737 6599
62 8960
2900 4526
8940 9826
5350 8537
4567 8758
2579 8432
7829 7922
2490 7811
741 6708
5881 7759
8711 8919
8655 9855
9229 9420
3847 8085
4665 8088
9877 9900
3790 7170
4429 8891
3990 7700
4205 6411
2026 2278
8913 9378
5276 6037
8367 9752
9725 9920
9015 9429
1873 8376
3050 4342
1060 7194
6317 8654
5924 8436
5880 8964
3316 7233
4121 5348
9303 9757
1720 9322
6576 9736
6178 7867
5521 8508
4213 9116
4628 5080
8971 9549
7359 8321
3607 8358
9467 9767
8928 9370
6100 8420
8626 9774
1494 9803
2799 9156
2475 8420
9636 9834
4433 9868
8770 9925
6867 9652
4573 6477
1939 9172
4253 6230
6865 8427
2568 7618
6551 8281
9653 9980
4746 8271
4449 6937
2899 4886
1105 6922
7451 9200
6592 8094
4337 8908
1601 9431
3186 4461
7315 9043
3648 5154
7500 8286
9441 9499
6167 7657
2010 6654
6104 6448
4291 7506
5253 7050
8686 9890
1451 4760
6578 8488
278 4439
6913 7452
5034 9975
3539 7742
463 963
3324 3917
6054 7174
4984 7402
9558 9772
6586 9687
8583 8801
4574 5557
1673 9182
4479 8858
8948 9526
2970 5476
7944 8514
3954 7104
2301 5153
8926 9087
9912 9954
3722 4451
435 2115
5592 8222
6102 8860
4504 7154
8925 9605
6441 9238
771 5556
4150 4152
9488 9826
1162 2468
6963 8502
7607 9982
6717 7946
5368 9263
4597 5199
1439 2914
1509 4145
6129 8479
3775 8537
2203 3143
2961 5458
6387 7726
5406 6864
1340 7687
9416 9825
3134 4323
9202 9611
7769 9580
3355 9663
7431 9050
7900 9987
4385 7133
5120 7884
7904 9748
5922 7824
1980 9117
9315 9500
2753 9644
7373 9407
8169 9068
2298 9677
8222 8646
282 923
3215 7573
7459 7665
8884 9160
1265 3152
8707 9419
1169 5710
9756 9915
3005 7669
1706 2248
7039 8626
2426 3865
7609 9403
8223 9388
8138 9289
1029 4885
849 6134
55 5072
5174 6066
3869 6854
4652 9768
78 3203
9203 9687
3200 7031
5921 8229
2546 6268
176 706
6942 8073
248 1532
3165 6898
3393 5792
3863 7493
2223 4503
3080 4553
8625 9760
7883 8894
4166 6908
3671 7935
8280 9485
5997 9243
3802 7306
4764 9471
9472 9650
6134 8935
2058 2077
878 2219
8898 9430
2607 5362
6833 7646
8223 9574
9007 9561
8579 9658
8208 9126
337 4800
4567 8330
3457 7759
5548 6185
5672 8803
3602 9472
3675 7456
1441 8515
1161 1574
8025 9414
4469 6771
310 3509
8396 8422
5251 7290
1902 6220
3445 5186
5078 5819
7224 8494
9215 9994
3689 7477
6109 7358
3269 6382
9960 9964
8308 9844
9013 9631
3445 7676
750 3332
7396 8526
1271 9522
1790 9597
6314 8170
7033 7538
9766 9882
2781 4567
3383 8742
1195 2229
3085 3085
3224 3315
8198 8466
2698 7318
8960 9895
7950 9471
5236 9914
5856 9935
3587 9248
8387 8411
5566 8426
9432 9935
1347 6040
7190 8399
3735 9027
2508 5580
1235 9115
8169 8779
3554 6005
3602 7034
76 7846
4912 8561
2875 3338
8431 9910
1590 2854
8646 9654
4211 6040
3277 3291
2863 8114
9142 9970
9545 9859
2210 4024
5373 6636
9186 9584
8391 9091
7901 8373
9917 9991
97 5815
3336 9523
8262 9380
7616 8299
7660 9473
6037 8444
2898 8707
5449 9835
6689 7917
581 5820
5938 6667
7404 8584
3652 7013
3411 4016
2441 3338
7563 8901
5329 8974
7649 9635
6330 8881
7626 8367
5809 6909
7427 8930
9238 9327
752 7038
4285 6360
9138 9468
7424 8893
729 7022
3089 4574
3668 5733
8424 9721
3251 5988
5328 9478
2577 7599
7053 7544
4279 7715
7403 7793
3559 5528
5179 8256
1805 5476
6009 9629
3526 8586
1591 5338
8416 8867
9501 9550
7309 7751
7582 9901
3342 4143
2933 7892
8325 9000
1405 2554
9527 9753
4616 5822
7790 9254
606 753
2530 5826
9564 9832
6586 6791
1773 6734
5072 5918
7037 9525
3425 5582
5214 5591
2387 8864
8759 9892
8156 8539
43 6347
1249 8117
5908 8699
8796 8968
8923 8923
1312 6369
3533 8885
8759 9722
2920 2965
6230 9362
433 3551
9812 9839
5364 8475
6755 9023
8479 8921
9649 9709
9473 9988
713 5293
9810 9970
3701 5117
7042 8273
4490 6913
8055 8830
3644 5915
8164 8347
6255 7626
8656 8729
4713 6227
9959 9976
5535 7307
6436 8723
9953 9992
2120 5213
3169 8818
2011 5298
9859 9999
6968 7119
8002 8082
6973 9837
8605 9490
9337 9718
34 4244
6133 9400
2189 2639
4020 5381
1331 7664
1019 6024
7895 8291
5399 6049
705 6723
7767 9090
7271 8006
515 7190
9755 9844
1445 3235
9057 9250
4996 7882
1825 6803
4870 9003
7993 9301
9709 9977
212 8146
626 9124
9606 9947
7641 8109
1517 6125
7272 9926
8342 8685
6697 9707
3938 4608
5489 7211
4994 9453
5215 8882
9767 9792
9198 9325
2604 3468
3414 9148
3871 7997
2486 4824
9315 9837
6326 9194
1811 6994
9123 9899
4786 6117
3671 4441
9450 9783
8783 8999
5989 8769
1134 3034
4804 5738
4477 9682
5133 5428
7394 9116
9419 9666
5888 9868
2853 6669
5600 6698
5053 6759
7322 7840
2637 4057
6780 8470
8888 9222
5428 8238
4864 7591
8307 9724
4975 9905
6213 8890
494 2948
8422 9624
864 9280
5127 7304
6667 9482
1346 2925
9640 9641
4340 5867
3832 8026
1290 5419
1241 9608
6612 9145
1617 7501
4250 4793
1181 7085
9252 9991
32 8027
66 4469
7156 9024
57 8847
7156 9861
3684 5413
5911 8207
4631 9386
8582 9272
3442 8171
531 5481
7976 8522
3601 7116
8596 9410
9060 9245
1964 6479
3344 7271
2167 9225
7672 9854
4076 4570
573 9532
309 7177
7110 8456
3715 5796
483 9594
7105 8197
3715 8580
4311 6501
5574 7929
2319 8636
3927 7911
8706 8758
3856 6634
9652 9886
8398 9006
2886 7238
2127 3635
7031 7118
8718 9641
1006 4148
1756 7985
6940 9797
5337 7970
5755 5777
4340 6364
7370 9342
6813 9294
3449 7081
